14155225,33585706,75424,7883524,39857407,75424,25702182,22038749,75424,20,47,9
15151600,33590945,76708,7883524,40859021,76708,25707421,23035124,76708,20,47,10
16174955,33590945,77996,7883524,41882376,77996,25707421,24058479,77996,20,47,10
17235071,33590945,79316,7883524,42942492,79316,25707421,25118595,79316,20,47,10
18280511,33590945,80629,7883524,43987932,80629,25707421,26164035,80629,20,47,10
19293103,33590945,81918,7883524,45000524,81918,25707421,27176627,81918,20,47,10
19744213,33590945,83221,7883524,45451634,83221,25707421,27627737,83221,20,47,10
19979073,34343708,84513,8636287,45686494,84513,25707421,28615360,84513,20,47,10
19984338,34756136,85808,8980126,45760348,85808,25776010,28964464,85808,20,47,10
19984338,35421629,87081,8980126,46425841,87081,26441503,28964464,87081,20,47,10
19984338,36168303,88360,8985340,47167301,88360,27182963,28969678,88360,20,47,10
19984338,36917165,89643,8985340,47916163,89643,27931825,28969678,89643,20,47,10
19984338,37629931,90923,8985340,48628929,90923,28644591,28969678,90923,20,47,10
19984338,38371555,92200,8985340,49370553,92200,29386215,28969678,92200,20,47,10
19984338,39092684,93478,8985340,50091682,93478,30107344,28969678,93478,20,47,10
20394700,39526613,94756,8985340,50935973,94756,30541273,29380040,94756,20,47,10
20791208,40110985,96043,9569712,51332481,96043,30541273,30360920,96043,20,47,10
20796464,41035385,97334,10294052,51537797,97334,30741333,31090516,97334,20,47,10
20796464,41808579,98627,10299302,52305741,98627,31509277,31095766,98627,20,47,10
20796464,42525345,99905,10299302,53022507,99905,32226043,31095766,99905,20,47,10
20796464,43220854,101178,10299302,53718016,101178,32921552,31095766,101178,20,47,10
21034572,43762746,102499,10299302,54498016,102499,33463444,31333874,102499,20,47,10
22060967,43767983,103845,10299302,55529648,103845,33468681,32360269,103845,20,47,10
23064268,43767983,105140,10299302,56532949,105140,33468681,33363570,105140,20,47,10
24066081,43767983,106442,10299302,57534762,106442,33468681,34365383,106442,20,47,10
25074349,43767983,107742,10299302,58543030,107742,33468681,35373651,107742,20,47,10
26087320,43767983,109032,10299302,59556001,109032,33468681,36386622,109032,20,47,10
26901541,43940514,110321,10471833,60370222,110321,33468681,37373374,110321,20,47,10
26906793,44942600,111618,11473919,60375474,111618,33468681,38380712,111618,20,47,10
26906793,45759403,112920,11765948,60900248,112920,33993455,38672741,112920,20,47,10
26906793,46509892,114226,11771227,61645458,114226,34738665,38678020,114226,20,47,10
27429722,46825288,115506,11771227,62483783,115506,35054061,39200949,115506,20,47,10
28407453,46830557,116803,11771227,63466783,116803,35059330,40178680,116803,20,47,10
29433357,46830557,118091,11771227,64492687,118091,35059330,41204584,118091,20,47,10
30468563,46830557,119383,11771227,65527893,119383,35059330,42239790,119383,20,47,10
31299359,46994821,120691,11935491,66358689,120691,35059330,43234850,120691,20,47,10
31304617,47983374,121997,12924044,66363947,121997,35059330,44228661,121997,20,47,10
31304617,48901303,123285,13782502,66423418,123285,35118801,45087119,123285,20,47,10
31304617,49660409,124564,13785774,67179252,124564,35874635,45090391,124564,20,47,10
31304617,50476287,125840,13787765,67993139,125840,36688522,45092382,125840,20,47,10
31304617,51309012,127121,13787765,68825864,127121,37521247,45092382,127121,20,47,10
31304617,52133688,128402,13787765,69650540,128402,38345923,45092382,128402,20,47,10
31933550,52420241,129680,13787765,70566026,129680,38632476,45721315,129680,20,47,10
32126250,52805871,131023,14173395,70758726,131023,38632476,46299645,131023,20,47,10
32131509,53766024,132306,15133548,70763985,132306,38632476,47265057,132306,20,47,10
32131509,54727443,133594,16094967,70763985,133594,38632476,48226476,133594,20,47,10
32131509,55772306,134881,17139830,70763985,134881,38632476,49271339,134881,20,47,10
32131509,56778769,136173,18146293,70763985,136173,38632476,50277802,136173,20,47,10
32131509,57592802,137457,18236946,71487365,137457,39355856,50368455,137457,20,47,10
32448910,58111637,138735,18236949,72323598,138735,39874688,50685859,138735,20,47,10
33437813,58122157,140027,18242197,73317773,140027,39879960,51680010,140027,20,47,10
34443429,58122157,141316,18242197,74323389,141316,39879960,52685626,141316,20,47,10
35209840,58122157,142589,18242197,75089800,142589,39879960,53452037,142589,20,47,10
35903597,58122157,143938,18242197,75783557,143938,39879960,54145794,143938,23,47,10
36788281,58127528,145226,18247568,76668241,145226,39879960,55035849,145226,23,49,10
36793543,58662793,146573,18399560,77056776,146573,40263233,55193103,146573,23,49,10
36793543,59488223,147856,18404791,77876975,147856,41083432,55198334,147856,23,49,10
36793543,60295221,149134,18404791,78683973,149134,41890430,55198334,149134,23,49,10
36793543,61121352,150414,18404791,79510104,150414,42716561,55198334,150414,23,49,10
36793543,61959237,151692,18404791,80347989,151692,43554446,55198334,151692,23,49,10
36994006,62574891,152970,18404791,81164106,152970,44170100,55398797,152970,23,49,10
37975428,62574938,154252,18404791,82145575,154252,44170147,56380219,154252,23,49,10
38010472,63453143,155548,19061555,82402060,155548,44391588,57072027,155548,23,49,10
38015684,64251993,156828,19061555,83206122,156828,45190438,57077239,156828,23,49,10
38226107,64467203,158107,19066801,83626509,158107,45400402,57292908,158107,24,49,11
38903182,64713204,159418,19307543,84308843,159418,45405661,58210725,159418,24,49,11
38903182,65137425,160716,19731764,84308843,160716,45405661,58634946,160716,24,51,11
38908421,66103977,162006,20698316,84314082,162006,45405661,59606737,162006,24,51,11
38908421,67128472,163294,21722811,84314082,163294,45405661,60631232,163294,24,51,11
38908421,68122268,164581,22716607,84314082,164581,45405661,61625028,164581,24,51,11
38908421,69134129,165889,23723901,84318649,165889,45410228,62632322,165889,24,51,11
38908421,69952813,167166,23723901,85137333,167166,46228912,62632322,167166,24,51,11
38908421,70787486,168444,23723901,85972006,168444,47063585,62632322,168444,24,51,11
38908421,71620876,169720,23729157,86800140,169720,47891719,62637578,169720,24,51,11
39418506,72007435,171000,23729157,87696784,171000,48278278,63147663,171000,24,51,11
40364647,72012706,172283,23729157,88648196,172283,48283549,64093804,172283,24,51,11
40862597,72012706,173597,23729157,89146146,173597,48283549,64591754,173597,25,51,11
41887598,72012706,174891,23729157,90171147,174891,48283549,65616755,174891,25,51,11
42925477,72012706,176201,23729157,91209026,176201,48283549,66654634,176201,25,51,11
43957558,72012706,177503,23729157,92241107,177503,48283549,67686715,177503,25,51,11
44091242,72845213,178787,24561664,92374791,178787,48283549,68652906,178787,25,51,11
44091242,73789374,180077,25505825,92374791,180077,48283549,69597067,180077,25,51,11
44091242,74796176,181375,26512627,92374791,181375,48283549,70603869,181375,25,51,11
44091242,75757271,182663,27473722,92374791,182663,48283549,71564964,182663,25,51,11
44091242,76751363,183951,28467814,92374791,183951,48283549,72559056,183951,25,51,11
44091242,77766061,185245,29482512,92374791,185245,48283549,73573754,185245,25,51,11
44091242,78655136,186539,29960439,92785939,186539,48694697,74051681,186539,25,51,11
44091242,79418012,187820,29964889,93544365,187820,49453123,74056131,187820,25,51,11
44091242,80218097,189105,29965700,94343639,189105,50252397,74056942,189105,25,51,11
44289798,80841490,190385,29965700,95165588,190385,50875790,74255498,190385,25,51,11
44881538,81234684,191730,30353614,95762608,191730,50881070,75235152,191730,25,51,11
44886782,82228332,193026,31347262,95767852,193026,50881070,76234044,193026,26,51,11
44886782,83252731,194339,32371661,95767852,194339,50881070,77258443,194339,26,51,11
44886782,84265532,195626,33384462,95767852,195626,50881070,78271244,195626,26,51,11
44886782,85285718,196917,34404648,95767852,196917,50881070,79291430,196917,26,51,11
44886782,86305691,198203,35424621,95767852,198203,50881070,80311403,198203,26,51,11
44886782,87212851,199497,35854233,96245400,199497,51358618,80741015,199497,26,51,11
44886782,88029764,200775,35859448,97057098,200775,52170316,80746230,200775,26,51,11
44886782,88863014,202055,35859448,97890348,202055,53003566,80746230,202055,26,51,11
44886782,89672207,203335,35859448,98699541,203335,53812759,80746230,203335,26,51,11
45127823,90289395,204614,35859448,99557770,204614,54429947,80987271,204614,26,51,11
46123536,90294660,205897,35859448,100558748,205897,54435212,81982984,205897,26,51,11
47142170,90294660,207186,35859448,101577382,207186,54435212,83001618,207186,26,51,11
48159277,90294660,208474,35859448,102594489,208474,54435212,84018725,208474,26,51,11
49197071,90294660,209767,35859448,103632283,209767,54435212,85056519,209767,26,51,11
49487603,90997087,211072,36561875,103922815,211072,54435212,86049478,211072,26,51,11
49487603,91985053,212356,37549841,103922815,212356,54435212,87037444,212356,26,51,11
49487603,92994504,213647,38559292,103922815,213647,54435212,88046895,213647,26,51,11
49487603,93972456,214929,39416097,104043962,214929,54556359,88903700,214929,26,51,11
49487603,94806819,216208,39421365,104873057,216208,55385454,88908968,216208,26,51,11
49487603,95620217,217487,39421365,105686455,217487,56198852,88908968,217487,26,51,11
49487603,96420866,218793,39421365,106487104,218793,56999501,88908968,218793,27,51,11
50023408,96766712,220073,39421365,107368755,220073,57345347,89444773,220073,27,51,11
51006716,96771974,221390,39421365,108357325,221390,57350609,90428081,221390,27,51,11
51998092,96771974,222676,39421365,109348701,222676,57350609,91419457,222676,27,51,11
53002434,96771974,223962,39421365,110353043,223962,57350609,92423799,223962,27,51,11
53695957,97068501,225253,39717892,111046566,225253,57350609,93413849,225253,27,51,11
53695957,98059920,226548,40709311,111046566,226548,57350609,94405268,226548,27,51,11
53701216,98985650,227842,41478216,111208650,227842,57507434,95179432,227842,27,51,11
53701216,99763975,229122,41478216,111986975,229122,58285759,95179432,229122,27,51,11
53836351,100444222,230405,41483474,112797099,230405,58960748,95319825,230405,27,51,11
54619922,100618164,231693,41652156,113585930,231693,58966008,96272078,231693,27,51,11
54619922,101438270,232984,41948773,114109419,232984,59489497,96568695,232984,28,51,11
54619922,102181866,234277,41949680,114852108,234277,60232186,96569602,234277,28,51,11
54625178,102666217,235536,42092661,115198734,235536,60573556,96717839,235536,28,52,11
54625178,103538449,236835,42964893,115198734,236835,60573556,97590071,236835,28,52,11
54625178,104561165,238129,43987609,115198734,238129,60573556,98612787,238129,28,52,11
54625178,105620919,239428,45047363,115198734,239428,60573556,99672541,239428,28,52,11
54625178,106613132,240714,46039576,115198734,240714,60573556,100664754,240714,28,52,11
54625178,107635348,242002,47061792,115198734,242002,60573556,101686970,242002,28,52,11
54625178,108674521,243295,48100965,115198734,243295,60573556,102726143,243295,28,52,11
54625178,109471797,244587,48133127,115963848,244587,61338670,102758305,244587,28,52,11
55612054,109480393,245869,48138385,116954062,245869,61342008,103750439,245869,28,52,11
56643423,109480393,247196,48138385,117985431,247196,61342008,104781808,247196,28,52,11
57123544,109485639,248523,48138385,118470798,248523,61347254,105261929,248523,28,52,11
57592550,109900617,249807,48553363,118939804,249807,61347254,106145913,249807,28,52,11
57592550,110453188,251130,49105934,118939804,251130,61347254,106698484,251130,28,53,11
57592550,111420351,252429,50073097,118939804,252429,61347254,107665647,252429,28,53,11
57592550,112449807,253734,51102553,118939804,253734,61347254,108695103,253734,28,53,11
57592550,113396621,255024,51793484,119195687,255024,61603137,109386034,255024,28,53,11
57592550,114218990,256307,51798738,120012802,256307,62420252,109391288,256307,28,53,11
57592550,115050019,257586,51798738,120843831,257586,63251281,109391288,257586,28,53,11
57592550,115880204,258864,51798738,121674016,258864,64081466,109391288,258864,28,53,11
57592550,116659010,260147,51798738,122452822,260147,64860272,109391288,260147,28,53,11
57592550,117454956,261426,51798738,123248768,261426,65656218,109391288,261426,28,53,11
57592550,118221736,262705,51798738,124015548,262705,66422998,109391288,262705,28,53,11
57592550,119025504,264007,51798738,124819316,264007,67226766,109391288,264007,28,53,11
58295528,119231708,265287,51798738,125728498,265287,67432970,110094266,265287,28,53,11
59352637,119236910,266642,51798738,126790809,266642,67438172,111151375,266642,28,53,11
60048623,119543956,267941,52105784,127486795,267941,67438172,112154407,267941,28,53,11
60053844,120543008,269231,53104836,127492016,269231,67438172,113158680,269231,28,53,11
60053888,121525834,270524,54087662,127492060,270524,67438172,114141550,270524,28,53,11
60053888,122524723,271809,55086551,127492060,271809,67438172,115140439,271809,28,53,11
60053888,123390465,273104,55446951,127997402,273104,67943514,115500839,273104,28,53,11
60908981,123481951,274379,55452203,128938729,274379,68029748,116361184,274379,28,53,11
61916279,123481951,275670,55452203,129946027,275670,68029748,117368482,275670,28,53,11
62918506,123481951,276966,55452203,130948254,276966,68029748,118370709,276966,28,53,11
63342830,123481951,278265,55452203,131372578,278265,68029748,118795033,278265,29,53,11
64348110,123481951,279550,55452203,132377858,279550,68029748,119800313,279550,29,53,11
64802255,123937156,280848,55452203,133287208,280848,68484953,120254458,280848,29,53,11
64802255,124688689,282126,55452203,134038741,282126,69236486,120254458,282126,29,53,11
64802255,125516643,283404,55452203,134866695,283404,70064440,120254458,283404,29,53,11
64802255,126347755,284682,55452203,135697807,284682,70895552,120254458,284682,29,53,11
64802255,127176543,285962,55452203,136526595,285962,71724340,120254458,285962,29,53,11
64802255,128001414,287248,55452203,137351466,287248,72549211,120254458,287248,29,53,11
64802255,128835432,288529,55555823,138081864,288529,73279609,120358078,288529,29,53,11
64802255,129818375,289817,56533504,138087126,289817,73284871,121335759,289817,29,53,11
64802255,130844698,291103,57559827,138087126,291103,73284871,122362082,291103,29,53,11
