#######################################
# net.ipv4.tcp_wmem='4096 4096 4096'  #
# net.ipv4.tcp_window_scaling=0       #
#######################################

5865936,1664105,64338,1655545,5874496,64338,8560,7521481,64338,172,77,11
5865936,1705017,64607,1696457,5874496,64607,8560,7562393,64607,172,77,11
5865936,1745999,64877,1737439,5874496,64877,8560,7603375,64877,172,77,11
5865936,1788016,65146,1779456,5874496,65146,8560,7645392,65146,172,77,11
5865936,1828988,65416,1820428,5874496,65416,8560,7686364,65416,172,77,11
5865936,1845481,65686,1836921,5874496,65686,8560,7702857,65686,172,84,11
5865936,1856326,65984,1847766,5874496,65984,8560,7713702,65984,172,92,11
5865936,1865894,66281,1857334,5874496,66281,8560,7723270,66281,172,99,11
5865936,1889508,66581,1880948,5874496,66581,8560,7746884,66581,172,103,11
5865936,1934329,66849,1925769,5874496,66849,8560,7791705,66849,172,103,11
5865936,1976226,67118,1967666,5874496,67118,8560,7833602,67118,172,103,11
5865936,2020564,67388,2012004,5874496,67388,8560,7877940,67388,172,103,11
5865936,2063629,67656,2055069,5874496,67656,8560,7921005,67656,172,103,11
5865936,2109565,67926,2101005,5874496,67926,8560,7966941,67926,172,103,11
5865936,2153350,68195,2144790,5874496,68195,8560,8010726,68195,172,103,11
5865936,2198724,68464,2190164,5874496,68464,8560,8056100,68464,172,103,11
5865936,2241865,68734,2233305,5874496,68734,8560,8099241,68734,172,103,11
5865936,2283083,69003,2274523,5874496,69003,8560,8140459,69003,172,103,11
5865936,2326398,69272,2317838,5874496,69272,8560,8183774,69272,172,103,11
5865936,2369654,69540,2361094,5874496,69540,8560,8227030,69540,172,103,11
5865936,2414191,69811,2405631,5874496,69811,8560,8271567,69811,172,103,11
5865936,2458284,70080,2449724,5874496,70080,8560,8315660,70080,172,103,11
5865936,2502937,70348,2494377,5874496,70348,8560,8360313,70348,172,103,11
5865936,2547278,70618,2538718,5874496,70618,8560,8404654,70618,172,103,11
5865936,2591018,70887,2582458,5874496,70887,8560,8448394,70887,172,103,11
5865936,2637246,71157,2628686,5874496,71157,8560,8494622,71157,172,103,11
5865936,2681658,71426,2673098,5874496,71426,8560,8539034,71426,172,103,11
5865936,2725751,71696,2717191,5874496,71696,8560,8583127,71696,172,103,11
5865936,2769691,71964,2761131,5874496,71964,8560,8627067,71964,172,103,11
5865936,2813117,72241,2804557,5874496,72241,8560,8670493,72241,172,103,11
5865936,2855850,72509,2847290,5874496,72509,8560,8713226,72509,172,103,11
5865936,2899836,72778,2891276,5874496,72778,8560,8757212,72778,172,103,11
5865936,2943094,73046,2934534,5874496,73046,8560,8800470,73046,172,103,11
5865936,2993480,73346,2984920,5874496,73346,8560,8850856,73346,172,103,11
5865936,3040895,73636,3032335,5874496,73636,8560,8898271,73636,172,103,11
5865936,3090385,73932,3081825,5874496,73932,8560,8947761,73932,172,103,11
5865936,3132250,74197,3123690,5874496,74197,8560,8989626,74197,172,103,11
5865936,3175627,74466,3167067,5874496,74466,8560,9033003,74466,172,103,11
5865936,3222084,74737,3213524,5874496,74737,8560,9079460,74737,172,103,11
5865936,3267462,75007,3258902,5874496,75007,8560,9124838,75007,172,103,11
5865936,3312152,75276,3303592,5874496,75276,8560,9169528,75276,172,103,11
5865936,3356967,75545,3348407,5874496,75545,8560,9214343,75545,172,103,11
5865936,3402509,75815,3393949,5874496,75815,8560,9259885,75815,172,103,11
5865936,3446203,76085,3437643,5874496,76085,8560,9303579,76085,172,103,11
5865936,3491341,76354,3482781,5874496,76354,8560,9348717,76354,172,103,11
5865936,3536871,76624,3528311,5874496,76624,8560,9394247,76624,172,103,11
5865936,3581603,76893,3573043,5874496,76893,8560,9438979,76893,172,103,11
5865936,3625052,77162,3616492,5874496,77162,8560,9482428,77162,172,103,11
5865936,3668387,77432,3659827,5874496,77432,8560,9525763,77432,172,103,11
5865936,3712096,77701,3703536,5874496,77701,8560,9569472,77701,172,103,11
5865936,3755193,77969,3746633,5874496,77969,8560,9612569,77969,172,103,11
5865936,3798971,78239,3790411,5874496,78239,8560,9656347,78239,172,103,11
5865936,3843864,78510,3835304,5874496,78510,8560,9701240,78510,172,103,11
5865936,3888929,78779,3880369,5874496,78779,8560,9746305,78779,172,103,11
5865936,3933900,79048,3925340,5874496,79048,8560,9791276,79048,172,103,11
5865936,3977680,79317,3969120,5874496,79317,8560,9835056,79317,172,103,11
5865936,4023532,79588,4014972,5874496,79588,8560,9880908,79588,172,103,11
5865936,4068394,79858,4059834,5874496,79858,8560,9925770,79858,172,103,11
5865936,4110176,80127,4101616,5874496,80127,8560,9967552,80127,172,103,11
5865936,4153679,80396,4145119,5874496,80396,8560,10011055,80396,172,103,11
5865936,4172291,80659,4163731,5874496,80659,8560,10029667,80659,172,110,11
5865936,4181421,80946,4172861,5874496,80946,8560,10038797,80946,172,117,11
5865936,4191672,81246,4183112,5874496,81246,8560,10049048,81246,172,124,11
5865936,4214446,81551,4205886,5874496,81551,8560,10071822,81551,172,129,11
5865936,4257678,81819,4249118,5874496,81819,8560,10115054,81819,172,129,11
5865936,4298253,82088,4289693,5874496,82088,8560,10155629,82088,172,129,11
5865936,4339449,82358,4330889,5874496,82358,8560,10196825,82358,172,129,11
5865936,4382727,82627,4374167,5874496,82627,8560,10240103,82627,172,129,11
5865936,4423379,82896,4414819,5874496,82896,8560,10280755,82896,172,129,11
5865936,4463753,83164,4455193,5874496,83164,8560,10321129,83164,172,129,11
5865936,4504830,83429,4496270,5874496,83429,8560,10362206,83429,172,129,11
5906691,4507954,83704,4499394,5915251,83704,8560,10406085,83704,172,131,11
5948169,4509038,83971,4500478,5956729,83971,8560,10448647,83971,172,131,11
5987571,4509038,84240,4500478,5996131,84240,8560,10488049,84240,172,131,11
6027934,4509038,84509,4500478,6036494,84509,8560,10528412,84509,172,131,11
6068436,4509038,84779,4500478,6076996,84779,8560,10568914,84779,172,131,11
6108806,4509038,85048,4500478,6117366,85048,8560,10609284,85048,172,131,11
6144530,4509038,85317,4500478,6153090,85317,8560,10645008,85317,172,131,11
6185999,4509038,85587,4500478,6194559,85587,8560,10686477,85587,172,131,11
6219852,4509038,85856,4500478,6228412,85856,8560,10720330,85856,172,131,11
6260486,4509038,86124,4500478,6269046,86124,8560,10760964,86124,172,131,11
6301478,4509038,86393,4500478,6310038,86393,8560,10801956,86393,172,131,11
6342235,4509038,86662,4500478,6350795,86662,8560,10842713,86662,172,131,11
6381627,4509038,86932,4500478,6390187,86932,8560,10882105,86932,172,131,11
6421025,4509038,87203,4500478,6429585,87203,8560,10921503,87203,172,131,11
6461092,4509038,87473,4500478,6469652,87473,8560,10961570,87473,172,131,11
6503236,4509038,87742,4500478,6511796,87742,8560,11003714,87742,172,131,11
6520331,4509038,88006,4500478,6528891,88006,8560,11020809,88006,178,131,11
6529978,4509038,88300,4500478,6538538,88300,8560,11030456,88300,185,131,11
6540225,4509038,88602,4500478,6548785,88602,8560,11040703,88602,192,131,11
6562484,4509038,88904,4500478,6571044,88904,8560,11062962,88904,197,131,11
6604557,4509038,89171,4500478,6613117,89171,8560,11105035,89171,197,131,11
6642071,4509038,89439,4500478,6650631,89439,8560,11142549,89439,197,131,11
6682103,4509038,89708,4500478,6690663,89708,8560,11182581,89708,197,131,11
6721417,4509038,89978,4500478,6729977,89978,8560,11221895,89978,197,131,11
6763852,4509038,90246,4500478,6772412,90246,8560,11264330,90246,197,131,11
6801648,4509038,90515,4500478,6810208,90515,8560,11302126,90515,197,131,11
6839164,4509038,90785,4500478,6847724,90785,8560,11339642,90785,197,131,11
6878526,4509038,91053,4500478,6887086,91053,8560,11379004,91053,197,131,11
6918914,4509038,91323,4500478,6927474,91323,8560,11419392,91323,197,131,11
6957634,4509038,91593,4500478,6966194,91593,8560,11458112,91593,197,131,11
6999182,4509038,91861,4500478,7007742,91861,8560,11499660,91861,197,131,11
7038382,4509038,92131,4500478,7046942,92131,8560,11538860,92131,197,131,11
7078017,4509038,92399,4500478,7086577,92399,8560,11578495,92399,197,131,11
7115616,4509038,92669,4500478,7124176,92669,8560,11616094,92669,197,131,11
7157094,4509038,92938,4500478,7165654,92938,8560,11657572,92938,197,131,11
7196613,4509038,93206,4500478,7205173,93206,8560,11697091,93206,197,131,11
7235327,4509038,93475,4500478,7243887,93475,8560,11735805,93475,197,131,11
7275275,4509038,93744,4500478,7283835,93744,8560,11775753,93744,197,131,11
7316340,4509038,94014,4500478,7324900,94014,8560,11816818,94014,197,131,11
7355656,4509038,94283,4500478,7364216,94283,8560,11856134,94283,197,131,11
7397281,4509038,94553,4500478,7405841,94553,8560,11897759,94553,197,131,11
7438434,4509038,94822,4500478,7446994,94822,8560,11938912,94822,197,131,11
7477627,4509038,95091,4500478,7486187,95091,8560,11978105,95091,197,131,11
7518091,4509038,95360,4500478,7526651,95360,8560,12018569,95360,197,131,11
7557724,4509038,95630,4500478,7566284,95630,8560,12058202,95630,197,131,11
7600793,4509038,95910,4500478,7609353,95910,8560,12101271,95910,197,131,11
7644030,4509038,96202,4500478,7652590,96202,8560,12144508,96202,197,131,11
7688158,4509038,96499,4500478,7696718,96499,8560,12188636,96499,197,131,11
7727995,4509038,96766,4500478,7736555,96766,8560,12228473,96766,197,131,11
7767902,4509038,97035,4500478,7776462,97035,8560,12268380,97035,197,131,11
7807100,4509038,97303,4500478,7815660,97303,8560,12307578,97303,197,131,11
7847012,4509038,97572,4500478,7855572,97572,8560,12347490,97572,197,131,11
7887688,4509038,97840,4500478,7896248,97840,8560,12388166,97840,197,131,11
7927552,4509038,98109,4500478,7936112,98109,8560,12428030,98109,197,131,11
7965749,4509038,98378,4500478,7974309,98378,8560,12466227,98378,197,131,11
8004818,4509038,98648,4500478,8013378,98648,8560,12505296,98648,197,131,11
8045565,4509038,98917,4500478,8054125,98917,8560,12546043,98917,197,131,11
8068069,4523278,99186,4500478,8090869,99186,22800,12568547,99186,197,131,11
8071839,4554101,99452,4500478,8125462,99452,53623,12572317,99452,199,131,11
8072281,4587625,99717,4500478,8159428,99717,87147,12572759,99717,199,131,11
8072281,4618987,99986,4500478,8190790,99986,118509,12572759,99986,199,131,11
8072281,4648150,100255,4500478,8219953,100255,147672,12572759,100255,199,131,11
8072281,4682654,100523,4516407,8238528,100523,166247,12588688,100523,199,131,11
8072281,4726501,100792,4556012,8242770,100792,170489,12628293,100792,199,131,14
8072281,4769737,101061,4599248,8242770,101061,170489,12671529,101061,199,131,14
8072281,4812008,101331,4641519,8242770,101331,170489,12713800,101331,199,131,14
8072281,4856710,101600,4686221,8242770,101600,170489,12758502,101600,199,131,14
8072281,4900368,101869,4729879,8242770,101869,170489,12802160,101869,199,131,14
8072281,4942948,102139,4772459,8242770,102139,170489,12844740,102139,199,131,14
8072281,4987455,102409,4816966,8242770,102409,170489,12889247,102409,199,131,14
8072281,5031881,102677,4861392,8242770,102677,170489,12933673,102677,199,131,14
8072281,5073024,102947,4902535,8242770,102947,170489,12974816,102947,199,131,14
8072281,5117771,103236,4947282,8242770,103236,170489,13019563,103236,199,131,14
8072281,5161317,103519,4990828,8242770,103519,170489,13063109,103519,199,131,14
8072281,5205992,103815,5035503,8242770,103815,170489,13107784,103815,199,131,14
8072281,5249850,104087,5079361,8242770,104087,170489,13151642,104087,199,131,14
8072281,5294029,104356,5123540,8242770,104356,170489,13195821,104356,199,131,14
8072281,5334616,104625,5164127,8242770,104625,170489,13236408,104625,199,131,14
8072281,5375425,104894,5204936,8242770,104894,170489,13277217,104894,199,131,14
8072281,5416244,105164,5245755,8242770,105164,170489,13318036,105164,199,131,14
8081601,5447333,105432,5276844,8252090,105432,170489,13358445,105432,199,131,14
8120607,5451032,105705,5280543,8291096,105705,170489,13401150,105705,199,134,14
8160239,5451593,105973,5281104,8330728,105973,170489,13441343,105973,199,134,14
8199793,5451593,106245,5281104,8370282,106245,170489,13480897,106245,199,134,14
8239505,5451593,106514,5281104,8409994,106514,170489,13520609,106514,199,134,14
8277456,5451593,106784,5281104,8447945,106784,170489,13558560,106784,199,134,14
8313427,5451593,107054,5281104,8483916,107054,170489,13594531,107054,199,134,14
8351276,5451593,107324,5281104,8521765,107324,170489,13632380,107324,199,134,14
8388962,5451593,107593,5281104,8559451,107593,170489,13670066,107593,199,134,14
8428035,5451593,107862,5281104,8598524,107862,170489,13709139,107862,199,134,14
8466470,5451593,108131,5281104,8636959,108131,170489,13747574,108131,199,134,14
8504121,5451593,108401,5281104,8674610,108401,170489,13785225,108401,199,134,14
8543584,5451593,108671,5281104,8714073,108671,170489,13824688,108671,199,134,14
8583256,5451593,108941,5281104,8753745,108941,170489,13864360,108941,199,134,14
8623960,5451593,109211,5281104,8794449,109211,170489,13905064,109211,199,134,14
8663107,5451593,109481,5281104,8833596,109481,170489,13944211,109481,199,134,14
8703330,5451593,109751,5281104,8873819,109751,170489,13984434,109751,199,134,14
8742040,5451593,110020,5281104,8912529,110020,170489,14023144,110020,199,134,14
8782626,5451593,110290,5281104,8953115,110290,170489,14063730,110290,199,134,14
8821534,5451593,110559,5281104,8992023,110559,170489,14102638,110559,199,134,14
8862443,5451593,110841,5281104,9032932,110841,170489,14143547,110841,199,134,14
8902157,5451593,111113,5281104,9072646,111113,170489,14183261,111113,199,134,14
8945317,5451593,111404,5281104,9115806,111404,170489,14226421,111404,199,134,14
8986868,5451593,111687,5281104,9157357,111687,170489,14267972,111687,199,134,14
9026063,5451593,111956,5281104,9196552,111956,170489,14307167,111956,199,134,14
9066608,5451593,112225,5281104,9237097,112225,170489,14347712,112225,199,134,14
9107270,5451593,112495,5281104,9277759,112495,170489,14388374,112495,199,134,14
9146494,5451593,112764,5281104,9316983,112764,170489,14427598,112764,199,134,14
9186366,5451593,113032,5281104,9356855,113032,170489,14467470,113032,199,134,14
9225685,5451593,113302,5281104,9396174,113302,170489,14506789,113302,199,134,14
9264616,5451593,113572,5281104,9435105,113572,170489,14545720,113572,199,134,14
9303854,5451593,113841,5281104,9474343,113841,170489,14584958,113841,199,134,14
9343535,5451593,114110,5281104,9514024,114110,170489,14624639,114110,199,134,14
9382255,5451593,114380,5281104,9552744,114380,170489,14663359,114380,199,134,14
9423812,5451593,114649,5281104,9594301,114649,170489,14704916,114649,199,134,14
9464010,5451593,114919,5281104,9634499,114919,170489,14745114,114919,199,134,14
9499733,5451593,115189,5281104,9670222,115189,170489,14780837,115189,199,134,14
9539516,5451593,115459,5281104,9710005,115459,170489,14820620,115459,199,134,14
9579235,5451593,115727,5281104,9749724,115727,170489,14860339,115727,199,134,14
9617524,5451593,115997,5281104,9788013,115997,170489,14898628,115997,199,134,14
9655402,5451593,116265,5281104,9825891,116265,170489,14936506,116265,199,134,14
9695913,5451593,116534,5281104,9866402,116534,170489,14977017,116534,199,134,14
9734187,5451593,116803,5281104,9904676,116803,170489,15015291,116803,199,134,14
9772469,5451593,117073,5281104,9942958,117073,170489,15053573,117073,199,134,14
9810904,5451593,117341,5281104,9981393,117341,170489,15092008,117341,199,134,14
9849180,5451593,117612,5281104,10019669,117612,170489,15130284,117612,199,134,14
9880171,5451593,117881,5281104,10050660,117881,170489,15161275,117881,202,134,14
9890335,5451593,118169,5281104,10060824,118169,170489,15171439,118169,209,134,14
9900026,5451593,118458,5281104,10070515,118458,170489,15181130,118458,217,134,14
9909276,5451593,118750,5281104,10079765,118750,170489,15190380,118750,224,134,14
9949506,5451593,119043,5281104,10119995,119043,170489,15230610,119043,225,134,14
9988495,5451593,119312,5281104,10158984,119312,170489,15269599,119312,225,134,14
10027417,5451593,119582,5281104,10197906,119582,170489,15308521,119582,225,134,14
10065375,5451593,119852,5281104,10235864,119852,170489,15346479,119852,225,134,14
10102292,5451593,120121,5281104,10272781,120121,170489,15383396,120121,225,134,14
10138811,5451593,120390,5281104,10309300,120390,170489,15419915,120390,225,134,14
10176916,5451593,120659,5281104,10347405,120659,170489,15458020,120659,225,134,14
10213913,5451593,120928,5281104,10384402,120928,170489,15495017,120928,225,134,14
10252187,5451593,121198,5281104,10422676,121198,170489,15533291,121198,225,134,14
10290702,5451593,121467,5281104,10461191,121467,170489,15571806,121467,225,134,14
10330341,5451593,121735,5281104,10500830,121735,170489,15611445,121735,225,134,14
10371296,5451593,122005,5281104,10541785,122005,170489,15652400,122005,225,134,14
10412776,5451593,122275,5281104,10583265,122275,170489,15693880,122275,225,134,14
10454296,5451593,122544,5281104,10624785,122544,170489,15735400,122544,225,134,14
10495339,5451593,122813,5281104,10665828,122813,170489,15776443,122813,225,134,14
10536536,5451593,123083,5281104,10707025,123083,170489,15817640,123083,225,134,14
10576252,5451593,123354,5281104,10746741,123354,170489,15857356,123354,225,134,14
10617457,5451593,123622,5281104,10787946,123622,170489,15898561,123622,225,134,14
10658570,5451593,123891,5281104,10829059,123891,170489,15939674,123891,225,134,14
10699362,5451593,124159,5281104,10869851,124159,170489,15980466,124159,225,134,14
10740833,5451593,124428,5281104,10911322,124428,170489,16021937,124428,225,134,14
10782828,5451593,124698,5281104,10953317,124698,170489,16063932,124698,225,134,14
10823736,5451593,124967,5281104,10994225,124967,170489,16104840,124967,225,134,14
10865454,5451593,125236,5281104,11035943,125236,170489,16146558,125236,225,134,14
10905580,5451593,125505,5281104,11076069,125505,170489,16186684,125505,225,134,14
10945613,5451593,125774,5281104,11116102,125774,170489,16226717,125774,225,134,14
10990211,5451593,126067,5281104,11160700,126067,170489,16271315,126067,225,134,14
11035288,5451593,126368,5281104,11205777,126368,170489,16316392,126368,225,134,14
11080289,5451593,126655,5281104,11250778,126655,170489,16361393,126655,225,134,14
11122641,5451593,126927,5281104,11293130,126927,170489,16403745,126927,225,134,14
11165142,5451593,127197,5281104,11335631,127197,170489,16446246,127197,225,134,14
11207762,5451593,127467,5281104,11378251,127467,170489,16488866,127467,225,134,14
11251153,5451593,127736,5281104,11421642,127736,170489,16532257,127736,225,134,14
11292068,5451593,128005,5281104,11462557,128005,170489,16573172,128005,225,134,14
11299440,5483516,128275,5307229,11475727,128275,176287,16606669,128275,225,134,14
11303652,5528295,128545,5348565,11483382,128545,179730,16652217,128545,227,134,16
11303652,5572504,128813,5392014,11484142,128813,180490,16695666,128813,227,134,16
11303652,5615448,129082,5434958,11484142,129082,180490,16738610,129082,227,134,16
11303652,5661023,129352,5480533,11484142,129352,180490,16784185,129352,227,134,16
11303652,5705681,129621,5525191,11484142,129621,180490,16828843,129621,227,134,16
11303652,5749551,129890,5569061,11484142,129890,180490,16872713,129890,227,134,16
11303652,5793929,130159,5613439,11484142,130159,180490,16917091,130159,227,134,16
11303652,5837106,130428,5656616,11484142,130428,180490,16960268,130428,227,134,16
11303652,5882557,130698,5702067,11484142,130698,180490,17005719,130698,227,134,16
11303652,5927690,130968,5747200,11484142,130968,180490,17050852,130968,227,134,16
11303652,5969122,131237,5788632,11484142,131237,180490,17092284,131237,227,134,16
11303652,6010506,131508,5830016,11484142,131508,180490,17133668,131508,227,134,16
11303652,6057368,131775,5876878,11484142,131775,180490,17180530,131775,227,134,16
11303652,6099268,132046,5918778,11484142,132046,180490,17222430,132046,227,134,16
11303652,6146443,132336,5965953,11484142,132336,180490,17269605,132336,227,134,16
11303652,6190661,132606,6010171,11484142,132606,180490,17313823,132606,227,134,16
11303652,6233998,132875,6053508,11484142,132875,180490,17357160,132875,227,134,16
11303652,6279905,133163,6099415,11484142,133163,180490,17403067,133163,227,134,16
11303652,6323283,133433,6142793,11484142,133433,180490,17446445,133433,227,134,16
11303652,6370186,133723,6189696,11484142,133723,180490,17493348,133723,227,134,16
11303652,6420087,134014,6239597,11484142,134014,180490,17543249,134014,227,134,16
11303652,6465386,134284,6284896,11484142,134284,180490,17588548,134284,227,134,16
11303652,6511034,134555,6330544,11484142,134555,180490,17634196,134555,227,134,16
11303652,6555053,134824,6374563,11484142,134824,180490,17678215,134824,227,134,16
11303652,6599591,135094,6419101,11484142,135094,180490,17722753,135094,227,134,16
11303652,6638738,135363,6458248,11484142,135363,180490,17761900,135363,227,134,16
11303652,6671965,135633,6491475,11484142,135633,180490,17795127,135633,227,136,16
11303652,6715861,135902,6535371,11484142,135902,180490,17839023,135902,227,136,16
11303652,6756358,136171,6575868,11484142,136171,180490,17879520,136171,227,137,16
11303652,6798540,136440,6618050,11484142,136440,180490,17921702,136440,227,137,16
11303652,6843394,136709,6662904,11484142,136709,180490,17966556,136709,227,137,16
11303652,6887613,136978,6707123,11484142,136978,180490,18010775,136978,227,137,16
11303652,6930593,137247,6750103,11484142,137247,180490,18053755,137247,227,137,16
11303652,6974453,137517,6793963,11484142,137517,180490,18097615,137517,227,137,16
11303652,7019591,137786,6839101,11484142,137786,180490,18142753,137786,227,137,16
11303652,7063290,138056,6882800,11484142,138056,180490,18186452,138056,227,137,16
11303652,7106984,138326,6926494,11484142,138326,180490,18230146,138326,227,137,16
11303652,7151638,138596,6971148,11484142,138596,180490,18274800,138596,227,137,16
11303652,7194311,138866,7013821,11484142,138866,180490,18317473,138866,227,137,16
11303652,7237854,139134,7057364,11484142,139134,180490,18361016,139134,227,137,16
11303652,7281912,139403,7101422,11484142,139403,180490,18405074,139403,227,137,16
11303652,7325326,139672,7144836,11484142,139672,180490,18448488,139672,227,137,16
11303652,7369343,139942,7188853,11484142,139942,180490,18492505,139942,227,137,16
11303652,7414274,140211,7233784,11484142,140211,180490,18537436,140211,227,137,16
11303652,7453940,140481,7273450,11484142,140481,180490,18577102,140481,227,138,16
11303652,7466152,140768,7285662,11484142,140768,180490,18589314,140768,227,147,16
11303652,7476481,141071,7295991,11484142,141071,180490,18599643,141071,227,154,16
11303652,7487128,141372,7306638,11484142,141372,180490,18610290,141372,227,161,16
11303652,7529866,141665,7349376,11484142,141665,180490,18653028,141665,227,163,16
11303652,7571925,141935,7391435,11484142,141935,180490,18695087,141935,227,163,16
11303652,7615418,142204,7434928,11484142,142204,180490,18738580,142204,227,163,16
11303652,7659788,142473,7479298,11484142,142473,180490,18782950,142473,227,163,16
11303652,7704523,142743,7524033,11484142,142743,180490,18827685,142743,227,163,16
11303652,7749139,143013,7568649,11484142,143013,180490,18872301,143013,227,163,16
11303652,7793148,143282,7612658,11484142,143282,180490,18916310,143282,227,163,16
11303652,7837726,143552,7657236,11484142,143552,180490,18960888,143552,227,163,16
11303652,7882900,143821,7702410,11484142,143821,180490,19006062,143821,227,163,16
11303652,7927235,144090,7746745,11484142,144090,180490,19050397,144090,227,163,16
11303652,7971451,144358,7790961,11484142,144358,180490,19094613,144358,227,163,16
11303652,8020480,144628,7839990,11484142,144628,180490,19143642,144628,227,163,16
11303652,8065663,144899,7885173,11484142,144899,180490,19188825,144899,227,163,16
11303652,8107363,145168,7926873,11484142,145168,180490,19230525,145168,227,163,16
11303652,8151933,145438,7971443,11484142,145438,180490,19275095,145438,227,163,16
11303652,8195992,145707,8015502,11484142,145707,180490,19319154,145707,227,163,16
11303652,8241370,145976,8060880,11484142,145976,180490,19364532,145976,227,163,16
11321468,8263527,146245,8083037,11501958,146245,180490,19404505,146245,227,163,16
11358559,8264208,146511,8083718,11539049,146511,180490,19442277,146511,227,163,16
11398728,8267658,146782,8087168,11579218,146782,180490,19485896,146782,227,165,16
11435971,8268625,147050,8088135,11616461,147050,180490,19524106,147050,227,165,16
11477687,8268625,147336,8088135,11658177,147336,180490,19565822,147336,227,165,16
11516858,8268625,147607,8088135,11697348,147607,180490,19604993,147607,227,165,16
11551236,8268625,147876,8088135,11731726,147876,180490,19639371,147876,229,165,16
11562127,8268625,148161,8088135,11742617,148161,180490,19650262,148161,238,165,16
11572574,8268625,148430,8088135,11753064,148430,180490,19660709,148430,245,165,16
11583064,8268625,148731,8088135,11763554,148731,180490,19671199,148731,252,165,16
11620135,8268625,149023,8088135,11800625,149023,180490,19708270,149023,254,165,16
11660614,8268625,149292,8088135,11841104,149292,180490,19748749,149292,254,165,16
11702283,8268625,149560,8088135,11882773,149560,180490,19790418,149560,254,165,16
11742485,8268625,149831,8088135,11922975,149831,180490,19830620,149831,254,165,16
11782349,8268625,150100,8088135,11962839,150100,180490,19870484,150100,254,165,16
11823347,8268625,150370,8088135,12003837,150370,180490,19911482,150370,254,165,16
11865221,8268625,150639,8088135,12045711,150639,180490,19953356,150639,254,165,16
11907701,8268625,150906,8088135,12088191,150906,180490,19995836,150906,254,165,16
11948264,8268625,151175,8088135,12128754,151175,180490,20036399,151175,254,165,16
11989573,8268625,151445,8088135,12170063,151445,180490,20077708,151445,254,165,16
12032329,8268625,151714,8088135,12212819,151714,180490,20120464,151714,254,165,16
12073525,8268625,151984,8088135,12254015,151984,180490,20161660,151984,254,165,16
12113840,8268625,152253,8088135,12294330,152253,180490,20201975,152253,254,165,16
12154318,8268625,152523,8088135,12334808,152523,180490,20242453,152523,254,165,16
12194527,8268625,152792,8088135,12375017,152792,180490,20282662,152792,254,165,16
12233973,8268625,153061,8088135,12414463,153061,180490,20322108,153061,254,165,16
12275366,8268625,153329,8088135,12455856,153329,180490,20363501,153329,254,165,16
12316228,8268625,153598,8088135,12496718,153598,180490,20404363,153598,254,165,16
12357058,8268625,153865,8088135,12537548,153865,180490,20445193,153865,254,165,16
12397613,8268625,154136,8088135,12578103,154136,180490,20485748,154136,254,165,16
12436610,8268625,154405,8088135,12617100,154405,180490,20524745,154405,254,165,16
12473129,8268625,154674,8088135,12653619,154674,180490,20561264,154674,254,165,16
12511888,8268625,154943,8088135,12692378,154943,180490,20600023,154943,254,165,16
12551046,8268625,155212,8088135,12731536,155212,180490,20639181,155212,254,165,16
12587697,8268625,155482,8088135,12768187,155482,180490,20675832,155482,254,165,16
12623942,8268625,155770,8088135,12804432,155770,180490,20712077,155770,254,165,16
12666828,8268625,156066,8088135,12847318,156066,180490,20754963,156066,254,165,16
12709390,8268625,156356,8088135,12889880,156356,180490,20797525,156356,254,165,16
12753983,8268625,156648,8088135,12934473,156648,180490,20842118,156648,254,165,16
12794260,8268625,156916,8088135,12974750,156916,180490,20882395,156916,254,165,16
12835576,8268625,157186,8088135,13016066,157186,180490,20923711,157186,254,165,16
12875490,8268625,157457,8088135,13055980,157457,180490,20963625,157457,254,165,16
12917292,8268625,157726,8088135,13097782,157726,180490,21005427,157726,254,165,16
12959134,8268625,157995,8088135,13139624,157995,180490,21047269,157995,254,165,16
12997893,8268625,158264,8088135,13178383,158264,180490,21086028,158264,254,165,16
13037529,8268625,158533,8088135,13218019,158533,180490,21125664,158533,254,165,16
13078007,8268625,158803,8088135,13258497,158803,180490,21166142,158803,254,165,16
13118844,8268625,159072,8088135,13299334,159072,180490,21206979,159072,254,165,16
13158672,8268625,159341,8088135,13339162,159341,180490,21246807,159341,254,165,16
13197913,8268625,159611,8088135,13378403,159611,180490,21286048,159611,254,165,16
13238826,8268625,159880,8088135,13419316,159880,180490,21326961,159880,254,165,16
13278835,8268625,160152,8088135,13459325,160152,180490,21366970,160152,254,165,16
13324510,8268625,160418,8088135,13505000,160418,180490,21412645,160418,254,165,16
13363328,8268625,160688,8088135,13543818,160688,180490,21451463,160688,254,165,16
13402445,8268625,160957,8088135,13582935,160957,180490,21490580,160957,254,165,16
13443845,8268625,161227,8088135,13624335,161227,180490,21531980,161227,254,165,16
13483492,8268625,161496,8088135,13663982,161496,180490,21571627,161496,254,165,16
13524643,8268625,161765,8088135,13705133,161765,180490,21612778,161765,254,165,16
13565316,8268625,162034,8088135,13745806,162034,180490,21653451,162034,254,165,16
13602152,8268625,162304,8088135,13782642,162304,180490,21690287,162304,254,165,16
13640320,8268625,162573,8088135,13820810,162573,180490,21728455,162573,254,165,16
13675831,8268625,162841,8088135,13856321,162841,180490,21763966,162841,255,165,16
13687887,8268625,163129,8088135,13868377,163129,180490,21776022,163129,263,165,16
13697695,8268625,163413,8088135,13878185,163413,180490,21785830,163413,271,165,16
13707662,8268625,163716,8088135,13888152,163716,180490,21795797,163716,278,165,16
13743374,8268625,164010,8088135,13923864,164010,180490,21831509,164010,280,165,16
13784360,8268625,164280,8088135,13964850,164280,180490,21872495,164280,280,165,16
13824550,8268625,164549,8088135,14005040,164549,180490,21912685,164549,280,165,16
13864829,8268625,164818,8088135,14045319,164818,180490,21952964,164818,280,165,16
13905500,8268625,165087,8088135,14085990,165087,180490,21993635,165087,280,165,16
13945619,8268625,165356,8088135,14126109,165356,180490,22033754,165356,280,165,16
13984052,8268625,165624,8088135,14164542,165624,180490,22072187,165624,280,165,16
14024371,8268625,165894,8088135,14204861,165894,180490,22112506,165894,280,165,16
14064483,8268625,166162,8088135,14244973,166162,180490,22152618,166162,280,165,16
14105552,8268625,166432,8088135,14286042,166432,180490,22193687,166432,280,165,16
14144838,8268625,166702,8088135,14325328,166702,180490,22232973,166702,280,165,16
14187905,8268625,166970,8088135,14368395,166970,180490,22276040,166970,280,165,16
14227581,8268625,167239,8088135,14408071,167239,180490,22315716,167239,280,165,16
14266354,8268625,167509,8088135,14446844,167509,180490,22354489,167509,280,165,16
14304906,8268625,167780,8088135,14485396,167780,180490,22393041,167780,280,165,16
14344197,8268625,168049,8088135,14524687,168049,180490,22432332,168049,280,165,16
14382048,8268625,168319,8088135,14562538,168319,180490,22470183,168319,280,165,16
14421016,8268625,168588,8088135,14601506,168588,180490,22509151,168588,280,165,16
14461666,8268625,168858,8088135,14642156,168858,180490,22549801,168858,280,165,16
14502028,8268625,169127,8088135,14682518,169127,180490,22590163,169127,280,165,16
14543062,8268625,169396,8088135,14723552,169396,180490,22631197,169396,280,165,16
14582978,8268625,169665,8088135,14763468,169665,180490,22671113,169665,280,165,16
14623735,8268625,169935,8088135,14804225,169935,180490,22711870,169935,280,165,16
14661727,8268625,170205,8088135,14842217,170205,180490,22749862,170205,280,165,16
14701239,8268625,170475,8088135,14881729,170475,180490,22789374,170475,280,165,16
14740000,8268625,170742,8088135,14920490,170742,180490,22828135,170742,280,165,16
14782710,8268625,171024,8088135,14963200,171024,180490,22870845,171024,280,165,16
14824826,8268625,171323,8088135,15005316,171323,180490,22912961,171323,280,165,16
14870820,8268625,171623,8088135,15051310,171623,180490,22958955,171623,280,165,16
14911174,8268625,171892,8088135,15091664,171892,180490,22999309,171892,280,165,16
14952319,8268625,172161,8088135,15132809,172161,180490,23040454,172161,280,165,16
14991149,8268625,172430,8088135,15171639,172430,180490,23079284,172430,280,165,16
15031869,8268625,172700,8088135,15212359,172700,180490,23120004,172700,280,165,16
15072037,8268625,172969,8088135,15252527,172969,180490,23160172,172969,280,165,16
15115267,8268625,173238,8088135,15295757,173238,180490,23203402,173238,280,165,16
15153220,8268625,173507,8088135,15333710,173507,180490,23241355,173507,280,165,16
15192219,8268625,173777,8088135,15372709,173777,180490,23280354,173777,280,165,16
15214483,8279546,174046,8088135,15405894,174046,191411,23302618,174046,280,165,16
15217972,8312427,174313,8088135,15442264,174313,224292,23306107,174313,282,165,16
15218696,8343509,174579,8088135,15474070,174579,255374,23306831,174579,282,165,16
15218696,8371911,174848,8088135,15502472,174848,283776,23306831,174848,282,165,16
15218696,8404207,175115,8088135,15534768,175115,316072,23306831,175115,282,165,16
15218696,8435567,175385,8088135,15566128,175385,347432,23306831,175385,282,165,16
15218696,8467528,175653,8088135,15598089,175653,379393,23306831,175653,282,165,16
15218696,8500091,175921,8088135,15630652,175921,411956,23306831,175921,282,165,16
15218696,8543719,176192,8131667,15630748,176192,412052,23350363,176192,282,165,16
15218696,8588035,176462,8175336,15631395,176462,412699,23394032,176462,282,165,16
15218696,8634333,176731,8221634,15631395,176731,412699,23440330,176731,282,165,16
15218696,8683144,176998,8266245,15635595,176998,416899,23484941,176998,282,165,19
15218696,8726245,177266,8309306,15635635,177266,416939,23528002,177266,282,165,19
15218696,8770699,177534,8353760,15635635,177534,416939,23572456,177534,282,165,19
15218696,8815752,177803,8398813,15635635,177803,416939,23617509,177803,282,165,19
15218696,8856931,178073,8439992,15635635,178073,416939,23658688,178073,282,165,19
15218696,8902266,178343,8485327,15635635,178343,416939,23704023,178343,282,165,19
15218696,8950248,178634,8533309,15635635,178634,416939,23752005,178634,282,165,19
15218696,9000745,178934,8583806,15635635,178934,416939,23802502,178934,282,165,19
15218696,9039530,179199,8622591,15635635,179199,416939,23841287,179199,282,165,19
15218696,9082187,179469,8665248,15635635,179469,416939,23883944,179469,282,165,19
15218696,9127569,179738,8710630,15635635,179738,416939,23929326,179738,282,165,19
15218696,9172667,180007,8755728,15635635,180007,416939,23974424,180007,282,165,19
15218696,9217485,180277,8800546,15635635,180277,416939,24019242,180277,282,165,19
15218696,9261300,180547,8844361,15635635,180547,416939,24063057,180547,282,165,19
15218696,9305356,180814,8888417,15635635,180814,416939,24107113,180814,282,165,19
15218696,9350092,181083,8933153,15635635,181083,416939,24151849,181083,282,165,19
15218696,9393073,181352,8976134,15635635,181352,416939,24194830,181352,282,165,19
15218696,9436851,181622,9019912,15635635,181622,416939,24238608,181622,282,165,19
15218696,9481263,181891,9064324,15635635,181891,416939,24283020,181891,282,165,19
15218696,9525364,182161,9108425,15635635,182161,416939,24327121,182161,282,165,19
15218696,9568030,182433,9151091,15635635,182433,416939,24369787,182433,282,165,19
15218696,9612978,182702,9196039,15635635,182702,416939,24414735,182702,282,165,19
15218696,9656236,182972,9239297,15635635,182972,416939,24457993,182972,282,165,19
15218696,9699538,183241,9282599,15635635,183241,416939,24501295,183241,282,165,19
15234621,9727135,183510,9310196,15651560,183510,416939,24544817,183510,282,165,19
15275079,9731028,183778,9314089,15692018,183778,416939,24589168,183778,282,167,19
15315772,9731350,184045,9314411,15732711,184045,416939,24630183,184045,282,167,19
15357802,9731350,184314,9314411,15774741,184314,416939,24672213,184314,282,167,19
15397033,9731350,184583,9314411,15813972,184583,416939,24711444,184583,282,167,19
15438109,9731350,184851,9314411,15855048,184851,416939,24752520,184851,282,167,19
15479257,9731350,185120,9314411,15896196,185120,416939,24793668,185120,282,167,19
15520820,9731350,185391,9314411,15937759,185391,416939,24835231,185391,282,167,19
15558618,9731350,185660,9314411,15975557,185660,416939,24873029,185660,282,167,19
15598612,9731350,185936,9314411,16015551,185936,416939,24913023,185936,282,167,19
15639560,9731350,186217,9314411,16056499,186217,416939,24953971,186217,282,167,19
15682515,9731350,186518,9314411,16099454,186518,416939,24996926,186518,282,167,19
15722271,9731350,186786,9314411,16139210,186786,416939,25036682,186786,282,167,19
15758705,9731350,187055,9314411,16175644,187055,416939,25073116,187055,282,167,19
15798058,9731350,187325,9314411,16214997,187325,416939,25112469,187325,282,167,19
15837494,9731350,187593,9314411,16254433,187593,416939,25151905,187593,282,167,19
15877730,9731350,187862,9314411,16294669,187862,416939,25192141,187862,282,167,19
15915399,9731350,188131,9314411,16332338,188131,416939,25229810,188131,282,167,19
15953907,9731350,188400,9314411,16370846,188400,416939,25268318,188400,282,167,19
15992737,9731350,188669,9314411,16409676,188669,416939,25307148,188669,282,167,19
16032522,9731350,188939,9314411,16449461,188939,416939,25346933,188939,282,167,19
16071115,9731350,189208,9314411,16488054,189208,416939,25385526,189208,282,167,19
16109070,9731350,189477,9314411,16526009,189477,416939,25423481,189477,282,167,19
16148260,9731350,189747,9314411,16565199,189747,416939,25462671,189747,282,167,19
16185727,9731350,190016,9314411,16602666,190016,416939,25500138,190016,282,167,19
16225572,9731350,190284,9314411,16642511,190284,416939,25539983,190284,282,167,19
16263048,9731350,190554,9314411,16679987,190554,416939,25577459,190554,282,167,19
16303222,9731350,190823,9314411,16720161,190823,416939,25617633,190823,282,167,19
16344010,9731350,191092,9314411,16760949,191092,416939,25658421,191092,282,167,19
16384758,9731350,191361,9314411,16801697,191361,416939,25699169,191361,282,167,19
16421681,9731350,191630,9314411,16838620,191630,416939,25736092,191630,282,167,19
16460950,9731350,191900,9314411,16877889,191900,416939,25775361,191900,282,167,19
16498383,9731350,192169,9314411,16915322,192169,416939,25812794,192169,282,167,19
16536379,9731350,192438,9314411,16953318,192438,416939,25850790,192438,282,167,19
16574061,9731350,192707,9314411,16991000,192707,416939,25888472,192707,282,167,19
16593973,9731350,192972,9314411,17010912,192972,416939,25908384,192972,288,167,19
16603385,9731350,193256,9314411,17020324,193256,416939,25917796,193256,295,167,19
16612793,9731350,193558,9314411,17029732,193558,416939,25927204,193558,301,167,19
16628124,9731350,193855,9314411,17045063,193855,416939,25942535,193855,309,167,19
16670235,9731350,194123,9314411,17087174,194123,416939,25984646,194123,309,167,19
16710304,9731350,194393,9314411,17127243,194393,416939,26024715,194393,309,167,19
16747853,9731350,194662,9314411,17164792,194662,416939,26062264,194662,309,167,19
16786570,9731350,194931,9314411,17203509,194931,416939,26100981,194931,309,167,19
16825086,9731350,195201,9314411,17242025,195201,416939,26139497,195201,309,167,19
16865524,9731350,195470,9314411,17282463,195470,416939,26179935,195470,309,167,19
16904954,9731350,195740,9314411,17321893,195740,416939,26219365,195740,309,167,19
16944460,9731350,196010,9314411,17361399,196010,416939,26258871,196010,309,167,19
16976482,9738030,196279,9314411,17400101,196279,423619,26290893,196279,309,167,19
16980373,9768950,196549,9314411,17434912,196549,454539,26294784,196549,311,167,19
16980695,9800232,196818,9314411,17466516,196818,485821,26295106,196818,311,167,19
16980695,9827553,197088,9314411,17493837,197088,513142,26295106,197088,311,167,19
16980695,9857714,197360,9314411,17523998,197360,543303,26295106,197360,311,167,19
16980695,9888556,197628,9314411,17554840,197628,574145,26295106,197628,311,167,19
16980695,9917728,197897,9314411,17584012,197897,603317,26295106,197897,311,167,19
16980695,9949049,198165,9314411,17615333,198165,634638,26295106,198165,311,167,19
16980695,9979610,198434,9314411,17645894,198434,665199,26295106,198434,311,167,19
16980695,10012330,198703,9314411,17678614,198703,697919,26295106,198703,311,167,19
16980695,10042251,198971,9314411,17708535,198971,727840,26295106,198971,311,167,19
16980695,10073933,199240,9314411,17740217,199240,759522,26295106,199240,311,167,19
16980695,10106894,199509,9314411,17773178,199509,792483,26295106,199509,311,167,19
16980695,10138335,199777,9314411,17804619,199777,823924,26295106,199777,311,167,19
16980695,10167537,200046,9314411,17833821,200046,853126,26295106,200046,311,167,19
16980695,10199780,200314,9314411,17866064,200314,885369,26295106,200314,311,167,19
16980695,10230542,200584,9314411,17896826,200584,916131,26295106,200584,311,167,19
16980695,10262463,200867,9314411,17928747,200867,948052,26295106,200867,311,167,19
16980695,10294825,201137,9314411,17961109,201137,980414,26295106,201137,311,167,19
16980695,10328547,201433,9314411,17994831,201433,1014136,26295106,201433,311,167,19
16980695,10357788,201702,9314411,18024072,201702,1043377,26295106,201702,311,167,19
16980695,10388350,201972,9314411,18054634,201972,1073939,26295106,201972,311,167,19
16980695,10419073,202240,9314411,18085357,202240,1104662,26295106,202240,311,167,19
16980695,10451675,202509,9314411,18117959,202509,1137264,26295106,202509,311,167,19
16980695,10481076,202777,9314411,18147360,202777,1166665,26295106,202777,311,167,19
16980695,10512357,203047,9314411,18178641,203047,1197946,26295106,203047,311,167,19
16980695,10544399,203316,9314411,18210683,203316,1229988,26295106,203316,311,167,19
16980695,10575240,203583,9314411,18241524,203583,1260829,26295106,203583,311,167,19
16980695,10607081,203852,9314411,18273365,203852,1292670,26295106,203852,311,167,19
16980695,10633963,204120,9314411,18300247,204120,1319552,26295106,204120,311,167,19
16980695,10666325,204390,9314411,18332609,204390,1351914,26295106,204390,311,167,19
16980695,10698606,204662,9314411,18364890,204662,1384195,26295106,204662,311,167,19
16980695,10731886,204931,9314411,18398170,204931,1417475,26295106,204931,311,167,19
16980695,10761086,205199,9314411,18427370,205199,1446675,26295106,205199,311,167,19
16980695,10788866,205468,9314411,18455150,205468,1474455,26295106,205468,311,167,19
16980695,10818147,205736,9314411,18484431,205736,1503736,26295106,205736,311,167,19
16980695,10850789,206006,9314411,18517073,206006,1536378,26295106,206006,311,167,19
16980695,10883031,206274,9314411,18549315,206274,1568620,26295106,206274,311,167,19
16980695,10917031,206542,9314411,18583315,206542,1602620,26295106,206542,311,167,19
16980695,10947792,206811,9314411,18614076,206811,1633381,26295106,206811,311,167,19
16980695,10968515,207079,9314411,18634799,207079,1654104,26295106,207079,311,167,24
16980695,10998795,207368,9314411,18665079,207368,1684384,26295106,207368,311,167,24
16980695,11029675,207637,9314411,18695959,207637,1715264,26295106,207637,311,167,24
16980695,11059437,207906,9314411,18725721,207906,1745026,26295106,207906,311,167,24
16980695,11093601,208191,9314411,18759885,208191,1779190,26295106,208191,311,167,24
16980695,11122844,208469,9314411,18789128,208469,1808433,26295106,208469,311,167,24
16980695,11154408,208753,9314411,18820692,208753,1839997,26295106,208753,311,167,24
16980695,11186891,209036,9314411,18853175,209036,1872480,26295106,209036,311,167,24
16980695,11217612,209305,9314411,18883896,209305,1903201,26295106,209305,311,167,24
16980695,11248573,209573,9314411,18914857,209573,1934162,26295106,209573,311,167,24
16980695,11278094,209843,9314411,18944378,209843,1963683,26295106,209843,311,167,24
16980695,11309537,210111,9314411,18975821,210111,1995126,26295106,210111,311,167,24
16980695,11340618,210379,9314411,19006902,210379,2026207,26295106,210379,311,167,24
16980695,11372180,210647,9314411,19038464,210647,2057769,26295106,210647,311,167,24
16980695,11402860,210914,9314411,19069144,210914,2088449,26295106,210914,311,167,24
16980695,11434820,211184,9314411,19101104,211184,2120409,26295106,211184,311,167,24
16980695,11468383,211452,9314411,19134667,211452,2153972,26295106,211452,311,167,24
16980695,11500704,211720,9314411,19166988,211720,2186293,26295106,211720,311,167,24
16980695,11531747,211989,9314411,19198031,211989,2217336,26295106,211989,311,167,24
16980695,11564707,212258,9314411,19230991,212258,2250296,26295106,212258,311,167,24
16980695,11594148,212527,9314411,19260432,212527,2279737,26295106,212527,311,167,24
16980695,11626788,212795,9314411,19293072,212795,2312377,26295106,212795,311,167,24
16980695,11658120,213063,9314411,19324404,213063,2343709,26295106,213063,311,167,24
16980695,11688683,213330,9314411,19354967,213330,2374272,26295106,213330,311,167,24
16980695,11718444,213598,9314411,19384728,213598,2404033,26295106,213598,311,167,24
16980695,11748285,213865,9314411,19414569,213865,2433874,26295106,213865,311,167,24
16980695,11777889,214134,9314411,19444173,214134,2463478,26295106,214134,311,167,24
16980695,11805451,214404,9314411,19471735,214404,2491040,26295106,214404,311,167,24
16980695,11835695,214672,9314411,19501979,214672,2521284,26295106,214672,311,167,24
16980695,11866697,214940,9314411,19532981,214940,2552286,26295106,214940,311,167,24
16980695,11895738,215207,9314411,19562022,215207,2581327,26295106,215207,311,167,24
16980695,11923460,215475,9314411,19589744,215475,2609049,26295106,215475,311,167,24
16980695,11955904,215762,9314411,19622188,215762,2641493,26295106,215762,311,167,24
16980695,11990464,216059,9314411,19656748,216059,2676053,26295106,216059,311,167,24
16980695,12024266,216357,9314411,19690550,216357,2709855,26295106,216357,311,167,24
16980695,12055027,216626,9314411,19721311,216626,2740616,26295106,216626,311,167,24
16980695,12083988,216892,9314411,19750272,216892,2769577,26295106,216892,311,167,24
16980695,12113509,217160,9314411,19779793,217160,2799098,26295106,217160,311,167,24
16980695,12144872,217428,9314411,19811156,217428,2830461,26295106,217428,311,167,24
16980695,12176154,217695,9314411,19842438,217695,2861743,26295106,217695,311,167,24
16980695,12207997,217962,9314411,19874281,217962,2893586,26295106,217962,311,167,24
16980695,12238198,218230,9314411,19904482,218230,2923787,26295106,218230,311,167,24
16980695,12267359,218498,9314411,19933643,218498,2952948,26295106,218498,311,167,24
16980695,12299041,218766,9314411,19965325,218766,2984630,26295106,218766,311,167,24
16980695,12331044,219034,9314411,19997328,219034,3016633,26295106,219034,311,167,24
16980695,12362325,219301,9314411,20028609,219301,3047914,26295106,219301,311,167,24
16980695,12391085,219568,9314411,20057369,219568,3076674,26295106,219568,311,167,24
16980695,12421846,219836,9314411,20088130,219836,3107435,26295106,219836,311,167,24
16980695,12453248,220104,9314411,20119532,220104,3138837,26295106,220104,311,167,24
16980695,12482651,220372,9314411,20148935,220372,3168240,26295106,220372,311,167,24
16980695,12514503,220641,9314411,20180787,220641,3200092,26295106,220641,311,167,24
16980695,12545145,220908,9314411,20211429,220908,3230734,26295106,220908,311,167,24
16980695,12573665,221176,9314411,20239949,221176,3259254,26295106,221176,311,167,24
16980695,12605467,221444,9314411,20271751,221444,3291056,26295106,221444,311,167,24
16980695,12635588,221711,9314411,20301872,221711,3321177,26295106,221711,311,167,24
16980695,12663750,221980,9314411,20330034,221980,3349339,26295106,221980,311,167,26
16980695,12685631,222267,9314411,20351915,222267,3371220,26295106,222267,311,167,29
16980695,12714751,222535,9314411,20381035,222535,3400340,26295106,222535,311,167,29
16980695,12746114,222803,9314411,20412398,222803,3431703,26295106,222803,311,167,29
16980695,12779036,223092,9314411,20445320,223092,3464625,26295106,223092,311,167,29
16980695,12812717,223381,9314411,20479001,223381,3498306,26295106,223381,311,167,29
16980695,12847838,223675,9314411,20514122,223675,3533427,26295106,223675,311,167,29
16980695,12878919,223971,9314411,20545203,223971,3564508,26295106,223971,311,167,29
16980695,12910120,224239,9314411,20576404,224239,3595709,26295106,224239,311,167,29
16980695,12941401,224507,9314411,20607685,224507,3626990,26295106,224507,311,167,29
16980695,12973404,224776,9314411,20639688,224776,3658993,26295106,224776,311,167,29
16980695,13003887,225044,9314411,20670171,225044,3689476,26295106,225044,311,167,29
16980695,13034609,225314,9314411,20700893,225314,3720198,26295106,225314,311,167,29
16980695,13064570,225581,9314411,20730854,225581,3750159,26295106,225581,311,167,29
16980695,13094492,225850,9314411,20760776,225850,3780081,26295106,225850,311,167,30
16980695,13126694,226118,9314411,20792978,226118,3812283,26295106,226118,311,167,30
16980695,13158697,226386,9314411,20824981,226386,3844286,26295106,226386,311,167,30
16980695,13189099,226655,9314411,20855383,226655,3874688,26295106,226655,311,167,30
16980695,13218501,226922,9314411,20884785,226922,3904090,26295106,226922,311,167,30
16980695,13247743,227191,9314411,20914027,227191,3933332,26295106,227191,311,167,30
16980695,13277626,227459,9314411,20943910,227459,3963215,26295106,227459,311,167,30
16980695,13306947,227726,9314411,20973231,227726,3992536,26295106,227726,311,167,30
16980695,13335475,227995,9314411,21001759,227995,4021064,26295106,227995,311,167,30
16980695,13364155,228262,9314411,21030439,228262,4049744,26295106,228262,311,167,30
16980695,13393356,228529,9314411,21059640,228529,4078945,26295106,228529,311,167,30
16980695,13424958,228798,9314411,21091242,228798,4110547,26295106,228798,311,167,30
16980695,13456641,229067,9314411,21122925,229067,4142230,26295106,229067,311,167,30
16980695,13488443,229335,9314411,21154727,229335,4174032,26295106,229335,311,167,30
16980695,13516885,229603,9314411,21183169,229603,4202474,26295106,229603,311,167,30
16980695,13548888,229870,9314411,21215172,229870,4234477,26295106,229870,311,167,30
16980695,13576968,230139,9314411,21243252,230139,4262557,26295106,230139,311,167,30
16980695,13607129,230408,9314411,21273413,230408,4292718,26295106,230408,311,167,30
16980695,13637931,230676,9314411,21304215,230676,4323520,26295106,230676,311,167,30
16980695,13670892,230972,9314411,21337176,230972,4356481,26295106,230972,311,167,30
16980695,13701854,231240,9314411,21368138,231240,4387443,26295106,231240,311,167,30
16980695,13735458,231537,9314411,21401742,231537,4421047,26295106,231537,311,167,30
16980695,13764699,231803,9314411,21430983,231803,4450288,26295106,231803,311,167,30
16980695,13797460,232072,9314411,21463744,232072,4483049,26295106,232072,311,167,30
16980695,13827463,232339,9314411,21493747,232339,4513052,26295106,232339,311,167,30
16980695,13856824,232606,9314411,21523108,232606,4542413,26295106,232606,311,167,30
16980695,13887066,232875,9314411,21553350,232875,4572655,26295106,232875,311,167,30
16980695,13917908,233144,9314411,21584192,233144,4603497,26295106,233144,311,167,30
16980695,13948990,233412,9314411,21615274,233412,4634579,26295106,233412,311,167,30
16980695,13979993,233679,9314411,21646277,233679,4665582,26295106,233679,311,167,30
16980695,14008726,233946,9323853,21665568,233946,4684873,26304548,233946,311,167,30
16980695,14048805,234212,9362100,21667400,234212,4686705,26342795,234212,311,167,30
16980695,14092002,234479,9402777,21669920,234479,4689225,26383472,234479,311,167,33
16980695,14133554,234746,9444329,21669920,234746,4689225,26425024,234746,311,167,33
16980695,14172542,235013,9483317,21669920,235013,4689225,26464012,235013,311,167,33
16980695,14210450,235280,9521225,21669920,235280,4689225,26501920,235280,311,167,33
16980695,14250835,235549,9561610,21669920,235549,4689225,26542305,235549,311,167,33
16980695,14291111,235817,9601886,21669920,235817,4689225,26582581,235817,311,167,33
16980695,14331059,236086,9641834,21669920,236086,4689225,26622529,236086,311,167,33
16980695,14372930,236356,9683705,21669920,236356,4689225,26664400,236356,311,167,33
16980695,14413040,236624,9723815,21669920,236624,4689225,26704510,236624,311,167,33
16980695,14455748,236893,9766523,21669920,236893,4689225,26747218,236893,311,167,33
16980695,14495019,237163,9805794,21669920,237163,4689225,26786489,237163,311,167,33
16980695,14538290,237432,9849065,21669920,237432,4689225,26829760,237432,311,167,33
16980695,14578280,237701,9889055,21669920,237701,4689225,26869750,237701,311,167,33
16980695,14617229,237968,9928004,21669920,237968,4689225,26908699,237968,311,167,33
16980695,14662176,238259,9972951,21669920,238259,4689225,26953646,238259,311,167,33
16980695,14707562,238556,10018337,21669920,238556,4689225,26999032,238556,311,167,33
16980695,14754711,238851,10065486,21669920,238851,4689225,27046181,238851,311,167,33
16980695,14795774,239118,10106549,21669920,239118,4689225,27087244,239118,311,167,33
16980695,14837551,239387,10148326,21669920,239387,4689225,27129021,239387,311,167,33
16980695,14879731,239656,10190506,21669920,239656,4689225,27171201,239656,311,167,33
16980695,14923391,239925,10234166,21669920,239925,4689225,27214861,239925,311,167,33
16980695,14965057,240194,10275832,21669920,240194,4689225,27256527,240194,311,167,33
16980695,15005800,240462,10316575,21669920,240462,4689225,27297270,240462,311,167,33
16980695,15047187,240732,10357962,21669920,240732,4689225,27338657,240732,311,167,33
16980695,15089217,241001,10399992,21669920,241001,4689225,27380687,241001,311,167,33
16980695,15130800,241270,10441575,21669920,241270,4689225,27422270,241270,311,167,33
16980695,15172059,241539,10482834,21669920,241539,4689225,27463529,241539,311,167,33
16980695,15210850,241807,10521625,21669920,241807,4689225,27502320,241807,311,167,33
16980695,15253074,242077,10563849,21669920,242077,4689225,27544544,242077,311,167,33
16980695,15293504,242346,10604279,21669920,242346,4689225,27584974,242346,311,167,33
16980695,15334889,242614,10645664,21669920,242614,4689225,27626359,242614,311,167,33
16980695,15374152,242882,10684927,21669920,242882,4689225,27665622,242882,311,167,33
16980695,15415513,243151,10726288,21669920,243151,4689225,27706983,243151,311,167,33
16980695,15456738,243423,10767513,21669920,243423,4689225,27748208,243423,311,167,33
16980695,15497379,243690,10808154,21669920,243690,4689225,27788849,243690,311,167,33
16980695,15540965,243957,10851740,21669920,243957,4689225,27832435,243957,311,167,33
16980695,15580672,244225,10891447,21669920,244225,4689225,27872142,244225,311,167,33
16980695,15622301,244492,10933076,21669920,244492,4689225,27913771,244492,311,167,33
16980695,15665210,244762,10975985,21669920,244762,4689225,27956680,244762,311,167,33
16980695,15705116,245029,11015891,21669920,245029,4689225,27996586,245029,311,167,33
16980695,15747062,245297,11057837,21669920,245297,4689225,28038532,245297,311,167,33
16980695,15774558,245549,11085333,21669920,245549,4689225,28066028,245549,311,171,33
16980695,15785325,245812,11096100,21669920,245812,4689225,28076795,245812,311,178,33
16980695,15796013,246101,11106788,21669920,246101,4689225,28087483,246101,311,185,33
16980695,15805737,246393,11116512,21669920,246393,4689225,28097207,246393,311,192,33
16980695,15847843,246679,11158618,21669920,246679,4689225,28139313,246679,311,193,33
16980695,15887710,246946,11198485,21669920,246946,4689225,28179180,246946,311,193,33
16980695,15927971,247215,11238746,21669920,247215,4689225,28219441,247215,311,193,33
16980695,15972240,247485,11283015,21669920,247485,4689225,28263710,247485,311,193,33
16980695,16014420,247753,11325195,21669920,247753,4689225,28305890,247753,311,193,33
16980695,16053561,248021,11364336,21669920,248021,4689225,28345031,248021,311,193,33
16980695,16095749,248289,11406524,21669920,248289,4689225,28387219,248289,311,193,33
16980695,16137978,248558,11448753,21669920,248558,4689225,28429448,248558,311,193,33
16980695,16178289,248827,11489064,21669920,248827,4689225,28469759,248827,311,193,33
16980695,16217271,249095,11528046,21669920,249095,4689225,28508741,249095,311,193,33
16980695,16258779,249363,11569554,21669920,249363,4689225,28550249,249363,311,193,33
16980695,16299847,249630,11610622,21669920,249630,4689225,28591317,249630,311,193,33
16980695,16343591,249901,11654366,21669920,249901,4689225,28635061,249901,311,193,33
16980695,16386815,250166,11697590,21669920,250166,4689225,28678285,250166,311,193,33
16980695,16431880,250434,11742655,21669920,250434,4689225,28723350,250434,311,193,33
16980695,16475440,250702,11786215,21669920,250702,4689225,28766910,250702,311,193,33
16980695,16518507,250970,11829282,21669920,250970,4689225,28809977,250970,311,193,33
16980695,16557008,251238,11867783,21669920,251238,4689225,28848478,251238,311,193,33
16980695,16595117,251507,11905892,21669920,251507,4689225,28886587,251507,311,193,33
16980695,16636142,251776,11946917,21669920,251776,4689225,28927612,251776,311,193,33
16980695,16675064,252047,11985839,21669920,252047,4689225,28966534,252047,311,193,33
16980695,16718651,252332,12029426,21669920,252332,4689225,29010121,252332,311,193,33
16980695,16759946,252601,12070721,21669920,252601,4689225,29051416,252601,311,193,33
16980695,16801293,252870,12112068,21669920,252870,4689225,29092763,252870,311,193,33
16980695,16845119,253156,12155894,21669920,253156,4689225,29136589,253156,311,193,33
16980695,16891869,253426,12202644,21669920,253426,4689225,29183339,253426,311,193,33
16980695,16938846,253704,12249621,21669920,253704,4689225,29230316,253704,311,193,33
16980695,16984830,253995,12295605,21669920,253995,4689225,29276300,253995,311,193,33
16980695,17026732,254262,12337507,21669920,254262,4689225,29318202,254262,311,193,33
16980695,17069560,254529,12380335,21669920,254529,4689225,29361030,254529,311,193,33
16980695,17110778,254799,12421553,21669920,254799,4689225,29402248,254799,311,193,33
16980695,17153116,255069,12463891,21669920,255069,4689225,29444586,255069,311,193,33
16980695,17193940,255337,12504715,21669920,255337,4689225,29485410,255337,311,193,33
16980695,17235163,255605,12545938,21669920,255605,4689225,29526633,255605,311,193,33
16980695,17274187,255873,12584962,21669920,255873,4689225,29565657,255873,311,193,33
16980695,17316183,256143,12626958,21669920,256143,4689225,29607653,256143,311,193,33
16980695,17359854,256412,12670629,21669920,256412,4689225,29651324,256412,311,193,33
16980695,17401913,256681,12712688,21669920,256681,4689225,29693383,256681,311,193,33
16980695,17442144,256950,12752919,21669920,256950,4689225,29733614,256950,311,193,33
16980695,17484889,257219,12795664,21669920,257219,4689225,29776359,257219,311,193,33
16981055,17525067,257488,12835842,21670280,257488,4689225,29816897,257488,311,193,33
17019493,17526139,257757,12836914,21708718,257757,4689225,29856407,257757,311,193,33
17055095,17526218,258026,12836993,21744320,258026,4689225,29892088,258026,311,193,33
17092886,17530086,258299,12840861,21782111,258299,4689225,29933747,258299,311,195,33
17130772,17530529,258566,12841304,21819997,258566,4689225,29972076,258566,311,195,33
17169619,17530529,258833,12841304,21858844,258833,4689225,30010923,258833,311,195,33
17206534,17530529,259103,12841304,21895759,259103,4689225,30047838,259103,311,195,33
17242655,17530529,259371,12841304,21931880,259371,4689225,30083959,259371,311,195,33
17282224,17530529,259642,12841304,21971449,259642,4689225,30123528,259642,311,195,33
17322900,17530529,259912,12841304,22012125,259912,4689225,30164204,259912,311,195,33
17362692,17530529,260181,12841304,22051917,260181,4689225,30203996,260181,311,195,33
17401447,17530529,260451,12841304,22090672,260451,4689225,30242751,260451,311,195,33
17439922,17530529,260732,12841304,22129147,260732,4689225,30281226,260732,311,195,33
17481649,17530529,261016,12841304,22170874,261016,4689225,30322953,261016,311,195,33
17526203,17530529,261316,12841304,22215428,261316,4689225,30367507,261316,311,195,33
17568400,17530529,261612,12841304,22257625,261612,4689225,30409704,261612,311,195,33
17607527,17530529,261880,12841304,22296752,261880,4689225,30448831,261880,311,195,33
17648632,17530529,262148,12841304,22337857,262148,4689225,30489936,262148,311,195,33
17687954,17530529,262417,12841304,22377179,262417,4689225,30529258,262417,311,195,33
17728133,17530529,262686,12841304,22417358,262686,4689225,30569437,262686,311,195,33
17769476,17530529,262955,12841304,22458701,262955,4689225,30610780,262955,311,195,33
17807964,17530529,263225,12841304,22497189,263225,4689225,30649268,263225,311,195,33
17845680,17530529,263494,12841304,22534905,263494,4689225,30686984,263494,311,195,33
17884524,17530529,263763,12841304,22573749,263763,4689225,30725828,263763,311,195,33
17921285,17530529,264032,12841304,22610510,264032,4689225,30762589,264032,311,195,33
17959089,17530529,264299,12841304,22648314,264299,4689225,30800393,264299,311,195,33
17997687,17530529,264568,12841304,22686912,264568,4689225,30838991,264568,311,195,33
18037088,17530529,264836,12841304,22726313,264836,4689225,30878392,264836,311,195,33
18074000,17530529,265104,12841304,22763225,265104,4689225,30915304,265104,311,195,33
18111995,17530529,265374,12841304,22801220,265374,4689225,30953299,265374,311,195,33
18151268,17530529,265643,12841304,22840493,265643,4689225,30992572,265643,311,195,33
18189474,17530529,265912,12841304,22878699,265912,4689225,31030778,265912,311,195,33
18230308,17530529,266181,12841304,22919533,266181,4689225,31071612,266181,311,195,33
18268034,17530529,266449,12841304,22957259,266449,4689225,31109338,266449,311,195,33
18308472,17530529,266719,12841304,22997697,266719,4689225,31149776,266719,311,195,33
18347234,17530529,266988,12841304,23036459,266988,4689225,31188538,266988,311,195,33
18386246,17530529,267263,12841304,23075471,267263,4689225,31227550,267263,311,195,33
18425170,17530529,267531,12841304,23114395,267531,4689225,31266474,267531,311,195,33
18464494,17530529,267800,12841304,23153719,267800,4689225,31305798,267800,311,195,33
18476746,17530529,268080,12841304,23165971,268080,4689225,31318050,268080,320,195,33
18486596,17530529,268371,12841304,23175821,268371,4689225,31327900,268371,327,195,33
18496444,17530529,268672,12841304,23185669,268672,4689225,31337748,268672,333,195,33
18529195,17530529,268968,12841304,23218420,268968,4689225,31370499,268968,337,195,33
18569546,17530529,269236,12841304,23258771,269236,4689225,31410850,269236,337,195,33
18606790,17530529,269503,12841304,23296015,269503,4689225,31448094,269503,337,195,33
18646462,17530529,269773,12841304,23335687,269773,4689225,31487766,269773,337,195,33
18686536,17530529,270042,12841304,23375761,270042,4689225,31527840,270042,337,195,33
18727643,17530529,270310,12841304,23416868,270310,4689225,31568947,270310,337,195,33
18764439,17530529,270578,12841304,23453664,270578,4689225,31605743,270578,337,195,33
18803595,17530529,270847,12841304,23492820,270847,4689225,31644899,270847,337,195,33
18840159,17530529,271115,12841304,23529384,271115,4689225,31681463,271115,339,195,33
18878793,17530529,271383,12841304,23568018,271383,4689225,31720097,271383,339,195,33
18916379,17530529,271651,12841304,23605604,271651,4689225,31757683,271651,339,195,33
18953449,17530529,271920,12841304,23642674,271920,4689225,31794753,271920,339,195,33
18994123,17530529,272189,12841304,23683348,272189,4689225,31835427,272189,339,195,33
19033919,17530529,272458,12841304,23723144,272458,4689225,31875223,272458,339,195,33
19073876,17530529,272726,12841304,23763101,272726,4689225,31915180,272726,339,195,33
19111431,17530529,272996,12841304,23800656,272996,4689225,31952735,272996,339,195,33
19149833,17530529,273265,12841304,23839058,273265,4689225,31991137,273265,339,195,33
19189358,17530529,273533,12841304,23878583,273533,4689225,32030662,273533,339,195,33
19229916,17530529,273802,12841304,23919141,273802,4689225,32071220,273802,339,195,33
19266768,17530529,274071,12841304,23955993,274071,4689225,32108072,274071,339,195,33
19304453,17530529,274339,12841304,23993678,274339,4689225,32145757,274339,339,195,33
19344885,17530529,274608,12841304,24034110,274608,4689225,32186189,274608,339,195,33
19382624,17530529,274876,12841304,24071849,274876,4689225,32223928,274876,339,195,33
19422741,17530529,275145,12841304,24111966,275145,4689225,32264045,275145,339,195,33
19457346,17530529,275414,12841304,24146571,275414,4689225,32298650,275414,339,195,33
19494546,17530529,275684,12841304,24183771,275684,4689225,32335850,275684,339,195,33
19537587,17530529,275971,12841304,24226812,275971,4689225,32378891,275971,339,195,33
19581637,17530529,276268,12841304,24270862,276268,4689225,32422941,276268,339,195,33
19622547,17530529,276536,12841304,24311772,276536,4689225,32463851,276536,339,195,33
19662109,17530529,276803,12841304,24351334,276803,4689225,32503413,276803,339,195,33
19700961,17530529,277072,12841304,24390186,277072,4689225,32542265,277072,339,195,33
19740045,17530529,277341,12841304,24429270,277341,4689225,32581349,277341,339,195,33
19779129,17530529,277610,12841304,24468354,277610,4689225,32620433,277610,339,195,33
19818205,17530529,277878,12841304,24507430,277878,4689225,32659509,277878,339,195,33
19857924,17530529,278148,12841304,24547149,278148,4689225,32699228,278148,339,195,33
19897167,17530529,278416,12841304,24586392,278416,4689225,32738471,278416,339,195,33
19940330,17530529,278685,12841304,24629555,278685,4689225,32781634,278685,339,195,33
19979002,17530529,278952,12841304,24668227,278952,4689225,32820306,278952,339,195,33
20019644,17530529,279220,12841304,24708869,279220,4689225,32860948,279220,339,195,33
20058045,17530529,279488,12841304,24747270,279488,4689225,32899349,279488,339,195,33
20097441,17530529,279758,12841304,24786666,279758,4689225,32938745,279758,339,195,33
20135238,17530529,280027,12841304,24824463,280027,4689225,32976542,280027,339,195,33
20175962,17530529,280296,12841304,24865187,280296,4689225,33017266,280296,339,195,33
20213811,17530529,280566,12841304,24903036,280566,4689225,33055115,280566,339,195,33
20253683,17530529,280834,12841304,24942908,280834,4689225,33094987,280834,339,195,33
20290218,17530529,281103,12841304,24979443,281103,4689225,33131522,281103,339,195,33
20324781,17530529,281374,12841304,25014006,281374,4689225,33166085,281374,339,195,33
20363031,17530529,281642,12841304,25052256,281642,4689225,33204335,281642,339,195,33
20404869,17530529,281910,12841304,25094094,281910,4689225,33246173,281910,339,195,33
20440877,17530529,282179,12841304,25130102,282179,4689225,33282181,282179,339,195,33
20476949,17530529,282448,12841304,25166174,282448,4689225,33318253,282448,339,195,33
20512348,17530529,282717,12841304,25201573,282717,4689225,33353652,282717,339,195,33
20531772,17530529,282965,12841304,25220997,282965,4689225,33373076,282965,345,195,33
20541501,17530529,283248,12841304,25230726,283248,4689225,33382805,283248,352,195,33
20551148,17530529,283550,12841304,25240373,283550,4689225,33392452,283550,359,195,33
20563765,17530529,283852,12841304,25252990,283852,4689225,33405069,283852,365,195,33
20602770,17530529,284119,12841304,25291995,284119,4689225,33444074,284119,365,195,33
20641814,17530529,284387,12841304,25331039,284387,4689225,33483118,284387,365,195,33
20676983,17530529,284655,12841304,25366208,284655,4689225,33518287,284655,365,195,33
20716066,17530529,284925,12841304,25405291,284925,4689225,33557370,284925,365,195,33
20754203,17530529,285194,12841304,25443428,285194,4689225,33595507,285194,365,195,33
20793645,17530529,285464,12841304,25482870,285464,4689225,33634949,285464,365,195,33
20830688,17530529,285732,12841304,25519913,285732,4689225,33671992,285732,365,195,33
20868562,17530529,286003,12841304,25557787,286003,4689225,33709866,286003,365,195,33
20906052,17530529,286273,12841304,25595277,286273,4689225,33747356,286273,365,195,33
20943736,17530529,286542,12841304,25632961,286542,4689225,33785040,286542,365,195,33
20982901,17530529,286813,12841304,25672126,286813,4689225,33824205,286813,365,195,33
20990688,17554729,287081,12841304,25704113,287081,4713425,33831992,287081,367,195,33
20991329,17586171,287349,12841304,25736196,287349,4744867,33832633,287349,367,195,33
20991329,17616052,287617,12841304,25766077,287617,4774748,33832633,287617,367,195,33
20991329,17646453,287886,12841304,25796478,287886,4805149,33832633,287886,367,195,33
20991329,17678693,288154,12841304,25828718,288154,4837389,33832633,288154,367,195,33
20991329,17707973,288421,12841304,25857998,288421,4866669,33832633,288421,367,195,33
20991329,17737023,288691,12841304,25887048,288691,4895719,33832633,288691,367,195,33
20991329,17768225,288959,12841304,25918250,288959,4926921,33832633,288959,367,195,33
20991329,17797746,289227,12841304,25947771,289227,4956442,33832633,289227,367,195,33
20991329,17829147,289494,12841304,25979172,289494,4987843,33832633,289494,367,195,33
20991329,17858268,289763,12841304,26008293,289763,5016964,33832633,289763,367,195,33
20991329,17887190,290031,12841304,26037215,290031,5045886,33832633,290031,367,195,33
20991329,17916872,290300,12841304,26066897,290300,5075568,33832633,290300,367,195,33
20991329,17945434,290568,12841304,26095459,290568,5104130,33832633,290568,367,195,33
20991329,17977238,290855,12841304,26127263,290855,5135934,33832633,290855,367,195,33
20991329,18008518,291130,12841304,26158543,291130,5167214,33832633,291130,367,195,33
20991329,18040321,291430,12841304,26190346,291430,5199017,33832633,291430,367,195,33
20991329,18071123,291714,12841304,26221148,291714,5229819,33832633,291714,367,195,33
20991329,18101245,291981,12841304,26251270,291981,5259941,33832633,291981,367,195,33
20991329,18132246,292249,12841304,26282271,292249,5290942,33832633,292249,367,195,33
20991329,18163729,292517,12841304,26313754,292517,5322425,33832633,292517,367,195,33
20991329,18193171,292785,12841304,26343196,292785,5351867,33832633,292785,367,195,33
20991329,18223772,293052,12841304,26373797,293052,5382468,33832633,293052,367,195,33
20991329,18255054,293320,12841304,26405079,293320,5413750,33832633,293320,367,195,33
20991329,18284896,293588,12841304,26434921,293588,5443592,33832633,293588,367,195,33
20991329,18311778,293855,12841304,26461803,293855,5470474,33832633,293855,367,195,33
20991329,18340859,294125,12841304,26490884,294125,5499555,33832633,294125,367,195,33
20991329,18371300,294393,12841304,26521325,294393,5529996,33832633,294393,367,195,33
20991329,18400663,294660,12841304,26550688,294660,5559359,33832633,294660,367,195,33
20991329,18432065,294929,12841304,26582090,294929,5590761,33832633,294929,367,195,33
20991329,18459545,295197,12841304,26609570,295197,5618241,33832633,295197,367,195,33
20991329,18491866,295465,12841304,26641891,295465,5650562,33832633,295465,367,195,33
20991329,18521591,295733,12841304,26671616,295733,5680287,33832633,295733,367,195,33
20991329,18552673,296003,12841304,26702698,296003,5711369,33832633,296003,367,195,33
20991329,18584009,296270,12841304,26734034,296270,5742705,33832633,296270,367,195,33
20991329,18613810,296537,12841304,26763835,296537,5772506,33832633,296537,367,195,33
20991329,18642699,296805,12841304,26792724,296805,5801395,33832633,296805,367,195,33
20991329,18662862,297075,12841304,26812887,297075,5821558,33832633,297075,367,195,38
20991329,18694422,297360,12841304,26844447,297360,5853118,33832633,297360,367,195,38
20991329,18725263,297628,12841304,26875288,297628,5883959,33832633,297628,367,195,38
20991329,18755144,297895,12841304,26905169,297895,5913840,33832633,297895,367,195,38
20991329,18790306,298184,12841304,26940331,298184,5949002,33832633,298184,367,195,38
20991329,18822947,298459,12841304,26972972,298459,5981643,33832633,298459,367,195,38
20991329,18855148,298742,12841304,27005173,298742,6013844,33832633,298742,367,195,38
20991329,18889230,299024,12841304,27039255,299024,6047926,33832633,299024,367,195,38
20991329,18920711,299291,12841304,27070736,299291,6079407,33832633,299291,367,195,38
20991329,18951593,299558,12841304,27101618,299558,6110289,33832633,299558,367,195,38
20991329,18984156,299827,12841304,27134181,299827,6142852,33832633,299827,367,195,38
20991329,19015599,300095,12841304,27165624,300095,6174295,33832633,300095,367,195,38
20991329,19046882,300362,12841304,27196907,300362,6205578,33832633,300362,367,195,38
20991329,19076804,300632,12841304,27226829,300632,6235500,33832633,300632,367,195,38
20991329,19109126,300899,12841304,27259151,300899,6267822,33832633,300899,367,195,38
20991329,19141606,301167,12841304,27291631,301167,6300302,33832633,301167,367,195,38
20991329,19174248,301434,12841304,27324273,301434,6332944,33832633,301434,367,195,38
20991329,19205291,301704,12841304,27355316,301704,6363987,33832633,301704,367,195,38
20991329,19236934,301971,12841304,27386959,301971,6395630,33832633,301971,367,195,38
20991329,19267655,302239,12841304,27417680,302239,6426351,33832633,302239,367,195,38
20991329,19299458,302507,12841304,27449483,302507,6458154,33832633,302507,367,195,38
20991329,19328019,302776,12841304,27478044,302776,6486715,33832633,302776,367,195,38
20991329,19357540,303046,12841304,27507565,303046,6516236,33832633,303046,367,195,38
20991329,19387262,303314,12841304,27537287,303314,6545958,33832633,303314,367,195,38
20991329,19419544,303582,12841304,27569569,303582,6578240,33832633,303582,367,195,38
20991329,19450357,303850,12841304,27600382,303850,6609053,33832633,303850,367,195,38
20991329,19480038,304116,12841304,27630063,304116,6638734,33832633,304116,367,195,38
20991329,19510000,304387,12841304,27660025,304387,6668696,33832633,304387,367,195,38
20991329,19540040,304655,12841304,27690065,304655,6698736,33832633,304655,367,195,38
20991329,19570601,304922,12841304,27720626,304922,6729297,33832633,304922,367,195,38
20991329,19600322,305190,12841304,27750347,305190,6759018,33832633,305190,367,195,38
20991329,19628362,305459,12841304,27778387,305459,6787058,33832633,305459,367,195,38
20991329,19656883,305727,12841304,27806908,305727,6815579,33832633,305727,367,195,38
20991329,19688844,306011,12841304,27838869,306011,6847540,33832633,306011,367,195,38
20991329,19723125,306310,12841304,27873150,306310,6881821,33832633,306310,367,195,38
20991329,19758046,306606,12841304,27908071,306606,6916742,33832633,306606,367,195,38
20991329,19786368,306874,12841304,27936393,306874,6945064,33832633,306874,367,195,38
20991329,19817852,307142,12841304,27967877,307142,6976548,33832633,307142,367,195,38
20991329,19848295,307409,12841304,27998320,307409,7006991,33832633,307409,367,195,38
20991329,19880377,307677,12841304,28030402,307677,7039073,33832633,307677,367,195,38
20991329,19910539,307944,12841304,28060564,307944,7069235,33832633,307944,367,195,38
20991329,19941981,308211,12841304,28092006,308211,7100677,33832633,308211,367,195,38
20991329,19971022,308480,12841304,28121047,308480,7129718,33832633,308480,367,195,38
20991329,20002623,308749,12841304,28152648,308749,7161319,33832633,308749,367,195,38
20991329,20034825,309017,12841304,28184850,309017,7193521,33832633,309017,367,195,38
20991329,20065385,309284,12841304,28215410,309284,7224081,33832633,309284,367,195,38
20991329,20097067,309551,12841304,28247092,309551,7255763,33832633,309551,367,195,38
20991329,20126027,309818,12841304,28276052,309818,7284723,33832633,309818,367,195,38
20991329,20157268,310087,12841304,28307293,310087,7315964,33832633,310087,367,195,38
20991329,20188269,310355,12841304,28338294,310355,7346965,33832633,310355,367,195,38
20991329,20219230,310623,12841304,28369255,310623,7377926,33832633,310623,367,195,38
20991329,20250071,310891,12841304,28400096,310891,7408767,33832633,310891,367,195,38
20991329,20280157,311159,12841304,28430182,311159,7438853,33832633,311159,367,195,38
20991329,20309008,311428,12841304,28459033,311428,7467704,33832633,311428,367,195,38
20991329,20339451,311695,12841304,28489476,311695,7498147,33832633,311695,367,195,38
20991329,20368853,311945,12841304,28518878,311945,7527549,33832633,311945,367,195,39
20991329,20390775,312252,12841304,28540800,312252,7549471,33832633,312252,367,195,43
20991329,20420538,312519,12841304,28570563,312519,7579234,33832633,312519,367,195,43
20991329,20448140,312786,12841304,28598165,312786,7606836,33832633,312786,367,195,43
20991329,20476221,313054,12841304,28626246,313054,7634917,33832633,313054,367,195,43
20991329,20508183,313331,12841304,28658208,313331,7666879,33832633,313331,367,195,43
20991329,20540785,313623,12841304,28690810,313623,7699481,33832633,313623,367,195,43
20991329,20573145,313919,12841304,28723170,313919,7731841,33832633,313919,367,195,43
20991329,20602426,314189,12841304,28752451,314189,7761122,33832633,314189,367,195,43
20991329,20632308,314457,12841304,28782333,314457,7791004,33832633,314457,367,195,43
20991329,20663510,314725,12841304,28813535,314725,7822206,33832633,314725,367,195,43
20991329,20694758,314994,12851704,28834383,314994,7843054,33843033,314994,367,195,43
20991329,20736917,315263,12892497,28835749,315263,7844420,33883826,315263,367,195,43
20991329,20781955,315532,12933535,28839749,315532,7848420,33924864,315532,367,195,45
20991329,20824109,315801,12975489,28839949,315801,7848620,33966818,315801,367,195,45
20991329,20865653,316070,13017033,28839949,316070,7848620,34008362,316070,367,195,45
20991329,20908474,316338,13059854,28839949,316338,7848620,34051183,316338,367,195,45
20991329,20950164,316606,13101544,28839949,316606,7848620,34092873,316606,367,195,45
20991329,20991787,316874,13143167,28839949,316874,7848620,34134496,316874,367,195,45
20991329,21035978,317142,13187358,28839949,317142,7848620,34178687,317142,367,195,45
21021835,21046626,317410,13198006,28870455,317410,7848620,34219841,317410,367,195,45
21058370,21049438,317679,13200818,28906990,317679,7848620,34259188,317679,367,198,45
21096883,21049438,317948,13200818,28945503,317948,7848620,34297701,317948,367,198,45
21136519,21049438,318216,13200818,28985139,318216,7848620,34337337,318216,367,198,45
21176031,21049438,318485,13200818,29024651,318485,7848620,34376849,318485,367,198,45
21213848,21049438,318755,13200818,29062468,318755,7848620,34414666,318755,367,198,45
21252403,21049438,319023,13200818,29101023,319023,7848620,34453221,319023,367,198,45
21293732,21049438,319291,13200818,29142352,319291,7848620,34494550,319291,367,198,45
21334651,21049438,319559,13200818,29183271,319559,7848620,34535469,319559,367,198,45
21374494,21049438,319828,13200818,29223114,319828,7848620,34575312,319828,367,198,45
21414088,21049438,320096,13200818,29262708,320096,7848620,34614906,320096,367,198,45
21451806,21049438,320364,13200818,29300426,320364,7848620,34652624,320364,367,198,45
21490922,21049438,320632,13200818,29339542,320632,7848620,34691740,320632,367,198,45
21533772,21049438,320921,13200818,29382392,320921,7848620,34734590,320921,367,198,45
21574976,21049438,321206,13200818,29423596,321206,7848620,34775794,321206,367,198,45
21615934,21049438,321502,13200818,29464554,321502,7848620,34816752,321502,367,198,45
21652176,21049438,321770,13200818,29500796,321770,7848620,34852994,321770,367,198,45
21691581,21049438,322042,13200818,29540201,322042,7848620,34892399,322042,367,198,45
21731903,21049438,322310,13200818,29580523,322310,7848620,34932721,322310,367,198,45
21771422,21049438,322578,13200818,29620042,322578,7848620,34972240,322578,367,198,45
21809578,21049438,322847,13200818,29658198,322847,7848620,35010396,322847,367,198,45
21851972,21049438,323115,13200818,29700592,323115,7848620,35052790,323115,367,198,45
21893836,21049438,323384,13200818,29742456,323384,7848620,35094654,323384,367,198,45
21935471,21049438,323654,13200818,29784091,323654,7848620,35136289,323654,367,198,45
21975745,21049438,323924,13200818,29824365,323924,7848620,35176563,323924,367,198,45
22017539,21049438,324193,13200818,29866159,324193,7848620,35218357,324193,367,198,45
22056621,21049438,324462,13200818,29905241,324462,7848620,35257439,324462,367,198,45
22098653,21049438,324730,13200818,29947273,324730,7848620,35299471,324730,367,198,45
22138567,21049438,324999,13200818,29987187,324999,7848620,35339385,324999,367,198,45
22175040,21049438,325266,13200818,30023660,325266,7848620,35375858,325266,367,198,45
22218031,21049438,325534,13200818,30066651,325534,7848620,35418849,325534,367,198,45
22260937,21049438,325802,13200818,30109557,325802,7848620,35461755,325802,367,198,45
22301462,21049438,326070,13200818,30150082,326070,7848620,35502280,326070,367,198,45
22336751,21049438,326338,13200818,30185371,326338,7848620,35537569,326338,367,198,45
22379557,21049438,326606,13200818,30228177,326606,7848620,35580375,326606,367,198,45
22418765,21049438,326874,13200818,30267385,326874,7848620,35619583,326874,367,198,45
22458366,21049438,327143,13200818,30306986,327143,7848620,35659184,327143,367,198,45
22495845,21049438,327409,13200818,30344465,327409,7848620,35696663,327409,367,198,45
22536450,21049438,327680,13200818,30385070,327680,7848620,35737268,327680,367,198,45
22559713,21049438,327931,13200818,30408333,327931,7848620,35760531,327931,372,198,45
22569517,21049438,328205,13200818,30418137,328205,7848620,35770335,328205,379,198,45
22579400,21049438,328503,13200818,30428020,328503,7848620,35780218,328503,386,198,45
22590806,21049438,328804,13200818,30439426,328804,7848620,35791624,328804,393,198,45
22633322,21049438,329075,13200818,30481942,329075,7848620,35834140,329075,393,198,45
22672308,21049438,329342,13200818,30520928,329342,7848620,35873126,329342,393,198,45
22707148,21049438,329612,13200818,30555768,329612,7848620,35907966,329612,393,198,45
22746868,21049438,329881,13200818,30595488,329881,7848620,35947686,329881,393,198,45
22788268,21049438,330149,13200818,30636888,330149,7848620,35989086,330149,393,198,45
22827938,21049438,330418,13200818,30676558,330418,7848620,36028756,330418,393,198,45
22865931,21049438,330687,13200818,30714551,330687,7848620,36066749,330687,393,198,45
22904621,21049438,330956,13200818,30753241,330956,7848620,36105439,330956,393,198,45
22945655,21049438,331225,13200818,30794275,331225,7848620,36146473,331225,393,198,45
22987097,21049438,331492,13200818,30835717,331492,7848620,36187915,331492,393,198,45
23026568,21049438,331761,13200818,30875188,331761,7848620,36227386,331761,393,198,45
23064540,21049438,332031,13200818,30913160,332031,7848620,36265358,332031,393,198,45
23094152,21054998,332299,13200818,30948332,332299,7854180,36294970,332299,393,198,45
23096800,21081879,332568,13200818,30977861,332568,7881061,36297618,332568,395,198,45
23098405,21111519,332832,13200818,31009106,332832,7910701,36299223,332832,396,198,45
23098405,21134281,333102,13200818,31031868,333102,7933463,36299223,333102,396,198,46
23098405,21159282,333370,13200818,31056869,333370,7958464,36299223,333370,396,198,46
23098405,21182284,333643,13200818,31079871,333643,7981466,36299223,333643,396,198,46
23098405,21207976,333910,13200818,31105563,333910,8007158,36299223,333910,396,198,46
23098405,21235017,334179,13200818,31132604,334179,8034199,36299223,334179,396,198,46
23098405,21264498,334446,13200818,31162085,334446,8063680,36299223,334446,396,198,46
23098405,21292059,334715,13200818,31189646,334715,8091241,36299223,334715,396,198,47
23098405,21323302,334983,13200818,31220889,334983,8122484,36299223,334983,396,198,47
23098405,21352904,335251,13200818,31250491,335251,8152086,36299223,335251,396,198,47
23098405,21384265,335524,13200818,31281852,335524,8183447,36299223,335524,396,198,47
23098405,21418947,335792,13200818,31316534,335792,8218129,36299223,335792,396,198,47
23098405,21449707,336059,13200818,31347294,336059,8248889,36299223,336059,396,198,47
23098405,21477229,336345,13200818,31374816,336345,8276411,36299223,336345,396,198,50
23098405,21514829,336630,13200818,31412416,336630,8314011,36299223,336630,396,198,50
23098405,21550031,336897,13200818,31447618,336897,8349213,36299223,336897,396,198,50
23098405,21580834,337164,13200818,31478421,337164,8380016,36299223,337164,396,198,50
23098405,21612559,337432,13200818,31510146,337432,8411741,36299223,337432,396,198,50
23098405,21642682,337700,13200818,31540269,337700,8441864,36299223,337700,396,198,50
23098405,21666483,337967,13200818,31564070,337967,8465665,36299223,337967,396,198,50
23098405,21699564,338235,13200818,31597151,338235,8498746,36299223,338235,396,198,50
23098405,21729364,338493,13200818,31626951,338493,8528546,36299223,338493,396,198,51
23098405,21761846,338771,13200818,31659433,338771,8561028,36299223,338771,396,198,51
23098405,21795887,339039,13200818,31693474,339039,8595069,36299223,339039,396,198,51
23098405,21828371,339309,13200818,31725958,339309,8627553,36299223,339309,396,198,51
23098405,21862974,339577,13200818,31760561,339577,8662156,36299223,339577,396,198,51
23098405,21895975,339844,13200818,31793562,339844,8695157,36299223,339844,396,198,51
23098405,21927736,340112,13200818,31825323,340112,8726918,36299223,340112,396,198,51
23098405,21958338,340379,13200818,31855925,340379,8757520,36299223,340379,396,198,51
23098405,21991898,340646,13200818,31889485,340646,8791080,36299223,340646,396,198,51
23098405,22024661,340916,13200818,31922248,340916,8823843,36299223,340916,396,198,51
23098405,22057301,341184,13200818,31954888,341184,8856483,36299223,341184,396,198,51
23098405,22090393,341452,13200818,31987980,341452,8889575,36299223,341452,396,198,51
23098405,22121197,341719,13200818,32018784,341719,8920379,36299223,341719,396,198,51
23098405,22146878,341976,13200818,32044465,341976,8946060,36299223,341976,396,198,53
23098405,22169440,342255,13200818,32067027,342255,8968622,36299223,342255,396,198,56
23098405,22202003,342524,13200818,32099590,342524,9001185,36299223,342524,396,198,56
23098405,22232525,342791,13200818,32130112,342791,9031707,36299223,342791,396,198,56
23098405,22264486,343060,13200818,32162073,343060,9063668,36299223,343060,396,198,56
23098405,22295406,343330,13200818,32192993,343330,9094588,36299223,343330,396,198,56
23098405,22330007,343628,13200818,32227594,343628,9129189,36299223,343628,396,198,56
23098405,22358808,343895,13200818,32256395,343895,9157990,36299223,343895,396,198,56
23098405,22388410,344160,13200818,32285997,344160,9187592,36299223,344160,396,198,56
23098405,22419731,344428,13200818,32317318,344428,9218913,36299223,344428,396,198,56
23098405,22448054,344695,13200818,32345641,344695,9247236,36299223,344695,396,198,56
23098405,22478416,344963,13200818,32376003,344963,9277598,36299223,344963,396,198,56
23098405,22509579,345231,13200818,32407166,345231,9308761,36299223,345231,396,198,56
23098405,22538862,345499,13200818,32436449,345499,9338044,36299223,345499,396,198,56
23098405,22570464,345768,13200818,32468051,345768,9369646,36299223,345768,396,198,56
23098405,22598387,346036,13200818,32495974,346036,9397569,36299223,346036,396,198,56
23098405,22628468,346303,13200818,32526055,346303,9427650,36299223,346303,396,198,56
23098405,22660430,346571,13200818,32558017,346571,9459612,36299223,346571,396,198,56
23098405,22690554,346842,13200818,32588141,346842,9489736,36299223,346842,396,198,56
23098405,22721156,347109,13200818,32618743,347109,9520338,36299223,347109,396,198,56
23098405,22751678,347376,13200818,32649265,347376,9550860,36299223,347376,396,198,56
23098405,22780001,347642,13200818,32677588,347642,9579183,36299223,347642,396,198,56
23098405,22810884,347910,13200818,32708471,347910,9610066,36299223,347910,396,198,56
23098405,22842885,348178,13200818,32740472,348178,9642067,36299223,348178,396,198,56
23098405,22874328,348446,13200818,32771915,348446,9673510,36299223,348446,396,198,56
23098405,22904728,348715,13200818,32802315,348715,9703910,36299223,348715,396,198,56
23098405,22934098,348980,13200818,32831685,348980,9733280,36299223,348980,396,198,56
23098405,22965304,349249,13200818,32862891,349249,9764486,36299223,349249,396,198,56
23098405,22994706,349518,13200818,32892293,349518,9793888,36299223,349518,396,198,56
23098405,23025548,349788,13200818,32923135,349788,9824730,36299223,349788,396,198,56
23098405,23055391,350057,13200818,32952978,350057,9854573,36299223,350057,396,198,56
23098405,23085594,350325,13200818,32983181,350325,9884776,36299223,350325,396,198,56
23098405,23113477,350592,13200818,33011064,350592,9912659,36299223,350592,396,198,56
23098405,23145638,350860,13200818,33043225,350860,9944820,36299223,350860,396,198,56
23098405,23178319,351133,13200818,33075906,351133,9977501,36299223,351133,396,198,56
23098405,23210521,351429,13200818,33108108,351429,10009703,36299223,351429,396,198,56
23098405,23239564,351697,13200818,33137151,351697,10038746,36299223,351697,396,198,56
23098405,23267046,351966,13200818,33164633,351966,10066228,36299223,351966,396,198,56
23098405,23294927,352233,13200818,33192514,352233,10094109,36299223,352233,396,198,56
23098405,23325809,352501,13200818,33223396,352501,10124991,36299223,352501,396,198,56
23098405,23356050,352768,13200818,33253637,352768,10155232,36299223,352768,396,198,56
23098405,23387533,353037,13200818,33285120,353037,10186715,36299223,353037,396,198,56
23098405,23416455,353306,13200818,33314042,353306,10215637,36299223,353306,396,198,56
23098405,23447017,353573,13200818,33344604,353573,10246199,36299223,353573,396,198,56
23098405,23476579,353841,13200818,33374166,353841,10275761,36299223,353841,396,198,56
23098405,23505020,354109,13200818,33402607,354109,10304202,36299223,354109,396,198,56
23098405,23535501,354377,13200818,33433088,354377,10334683,36299223,354377,396,198,56
23098405,23565622,354647,13200818,33463209,354647,10364804,36299223,354647,396,198,56
23098405,23593505,354913,13200818,33491092,354913,10392687,36299223,354913,396,198,56
23098405,23620705,355182,13200818,33518292,355182,10419887,36299223,355182,396,198,56
23098405,23651825,355450,13200818,33549412,355450,10451007,36299223,355450,396,198,56
23098405,23681067,355719,13200818,33578654,355719,10480249,36299223,355719,396,198,56
23098405,23710591,355987,13200818,33608178,355987,10509773,36299223,355987,396,198,56
23098405,23733479,356253,13200818,33631066,356253,10532661,36299223,356253,396,198,58
